           1  -19.273255693772853     
           1  -13.531514054055341     
           2  -19.273384572337878     
           2  -13.531516646315330     
           3  -19.273609993605721     
           3  -13.531521138473927     
           4  -19.273907577214171     
           4  -13.531526986553386     
           5  -19.274258907385885     
           5  -13.531533770279285     
           6  -19.274650052105446     
           6  -13.531541169047655     
           7  -19.275070458127722     
           7  -13.531548940764747     
           8  -19.275512123330341     
           8  -13.531556904218540     
           9  -19.275968974684705     
           9  -13.531564924884417     
          10  -19.276436399475148     
          10  -13.531572903749137     
          11  -19.276910891283102     
          11  -13.531580768645410     
          12  -19.277389782253277     
          12  -13.531588467605449     
          13  -19.277871040419456     
          13  -13.531595963802575     
          14  -19.278353116190697     
          14  -13.531603231723276     
          15  -19.278834826036245     
          15  -13.531610254282514     
          16  -19.279315264343253     
          16  -13.531617020656471     
          17  -19.279793736620608     
          17  -13.531623524658420     
          18  -19.280269708881132     
          18  -13.531629763523602     
          19  -19.280742769284974     
          19  -13.531635737001555     
          20  -19.281212599075104     
          20  -13.531641446678911     
          21  -19.281678950553530     
          21  -13.531646895474527     
          22  -19.282141630391521     
          22  -13.531652087263758     
          23  -19.282600486979955     
          23  -13.531657026598833     
          24  -19.283055400839345     
          24  -13.531661718501148     
          25  -19.283506277346511     
          25  -13.531666168307169     
          26  -19.283953041215444     
          26  -13.531670381554198     
          27  -19.284395632305518     
          27  -13.531674363895968     
          28  -19.284834002435129     
          28  -13.531678121040366     
          29  -19.285268112955837     
          29  -13.531681658703613     
          30  -19.285697932902661     
          30  -13.531684982576804     
          31  -19.286123437580002     
          31  -13.531688098301512     
          32  -19.286544607478000     
          32  -13.531691011452130     
          33  -19.286961427438616     
          33  -13.531693727523345     
          34  -19.287373886011093     
          34  -13.531696251921279     
          35  -19.287781974950907     
          35  -13.531698589957442     
          36  -19.288185688827578     
          36  -13.531700746844685     
          37  -19.288585024714919     
          37  -13.531702727694730     
          38  -19.288979981944088     
          38  -13.531704537516767     
          39  -19.289370561904043     
          39  -13.531706181216940     
          40  -19.289756767878607     
          40  -13.531707663598329     
          41  -19.290138604910961     
          41  -13.531708989361521     
          42  -19.290516079689169     
          42  -13.531710163105412     
          43  -19.290889200448436     
          43  -13.531711189328300     
          44  -19.291257976885284     
          44  -13.531712072429027     
          45  -19.291622420081691     
          45  -13.531712816708483     
          46  -19.291982542436717     
          46  -13.531713426370857     
          47  -19.292338357604034     
          47  -13.531713905525374     
          48  -19.292689880434054     
          48  -13.531714258187623     
          49  -19.293037126919831     
          49  -13.531714488281281     
          50  -19.293380114146238     
          50  -13.531714599639606     
          51  -19.293718860241079     
          51  -13.531714596007081     
          52  -19.294053384328969     
          52  -13.531714481040961     
          53  -19.296215488626540     
          53  -13.531725614028812     
          54  -19.296550571452997     
          54  -13.531725233273242     
          55  -19.296881983024019     
          55  -13.531724706656714     
          56  -19.297209672647480     
          56  -13.531724049949778     
          57  -19.297533616445882     
          57  -13.531723276096150     
          58  -19.297853808691290     
          58  -13.531722395788083     
          59  -19.298170255759135     
          59  -13.531721417922991     
          60  -19.298482971951987     
          60  -13.531720349966239     
          61  -19.298791976650765     
          61  -13.531719198239470     
          62  -19.299097292401065     
          62  -13.531717968149893     
          63  -19.299398943653895     
          63  -13.531716664372665     
          64  -19.299696955958183     
          64  -13.531715290996114     
          65  -19.299991355462332     
          65  -13.531713851637130     
          66  -19.300282168623330     
          66  -13.531712349533130     
          67  -19.300569422051815     
          67  -13.531710787615221     
          68  -19.300853142444463     
          68  -13.531709168566149     
          69  -19.301133356569380     
          69  -13.531707494866643     
          70  -19.301410091281351     
          70  -13.531705768831934     
          71  -19.301683373552780     
          71  -13.531703992640864     
          72  -19.301953230509184     
          72  -13.531702168358835     
          73  -19.302219689464614     
          73  -13.531700297956005     
          74  -19.302482777952573     
          74  -13.531698383321601     
          75  -19.302742523750936     
          75  -13.531696426275198     
          76  -19.302998954900406     
          76  -13.531694428575497     
          77  -19.303252099716282     
          77  -13.531692391927336     
          78  -19.303501986793755     
          78  -13.531690317987021     
          79  -19.303748645008017     
          79  -13.531688208366591     
          80  -19.303992103509209     
          80  -13.531686064637046     
          81  -19.304232391713661     
          81  -13.531683888330853     
          82  -19.304469539291340     
          82  -13.531681680944013     
          83  -19.304703576151166     
          83  -13.531679443937454     
          84  -19.304934532423868     
          84  -13.531677178738310     
          85  -19.305162438443553     
          85  -13.531674886740781     
          86  -19.305387324728283     
          86  -13.531672569306947     
          87  -19.305609221959600     
          87  -13.531670227767355     
          88  -19.305828160962204     
          88  -13.531667863421399     
          89  -19.306044172683229     
          89  -13.531665477537947     
          90  -19.306257288171611     
          90  -13.531663071355549     
          91  -19.306467538557882     
          91  -13.531660646082900     
          92  -19.306674955034492     
          92  -13.531658202899115     
          93  -19.306879568836166     
          93  -13.531655742954067     
          94  -19.307081411221500     
          94  -13.531653267368792     
          95  -19.307280513454657     
          95  -13.531650777235695     
          96  -19.307476906788114     
          96  -13.531648273619034     
          97  -19.307670622445912     
          97  -13.531645757555170     
          98  -19.307861691607673     
          98  -13.531643230052998     
          99  -19.308050145393420     
          99  -13.531640692094349     
         100  -19.308236014848905     
         100  -13.531638144634277     
         101  -19.308419330932043     
         101  -13.531635588601624     
         102  -19.308600124499485     
         102  -13.531633024899280     
         103  -19.308778426294317     
         103  -13.531630454404736     
         104  -19.308954266934307     
         104  -13.531627877970426     
         105  -19.309127676900552     
         105  -13.531625296424254     
         106  -19.309298686527146     
         106  -13.531622710569904     
         107  -19.309467325991054     
         107  -13.531620121187467     
         108  -19.309633625302862     
         108  -13.531617529033744     
         109  -19.309797614297732     
         109  -13.531614934842773     
         110  -19.309959322627389     
         110  -13.531612339326294     
         111  -19.310118779752028     
         111  -13.531609743174146     
         112  -19.310276014933251     
         112  -13.531607147054791     
         113  -19.310431057226939     
         113  -13.531604551615695     
         114  -19.310583935477080     
         114  -13.531601957483838     
         115  -19.310734678309707     
         115  -13.531599365266150     
         116  -19.310883314127281     
         116  -13.531596775549891     
         117  -19.311029871103596     
         117  -13.531594188903203     
         118  -19.311174377178837     
         118  -13.531591605875407     
         119  -19.311316860055431     
         119  -13.531589026997549     
         120  -19.311457347193635     
         120  -13.531586452782781     
         121  -19.311595865807835     
         121  -13.531583883726737     
         122  -19.311732442863356     
         122  -13.531581320308009     
         123  -19.311867105072974     
         123  -13.531578762988508     
         124  -19.311999878894241     
         124  -13.531576212213899     
         125  -19.312130790526922     
         125  -13.531573668413920     
         126  -19.312259865910573     
         126  -13.531571132002849     
         127  -19.312387130722637     
         127  -13.531568603379863     
         128  -19.312512610376547     
         128  -13.531566082929361     
         129  -19.312636330020016     
         129  -13.531563571021394     
         130  -19.312758314534005     
         130  -13.531561068011941     
         131  -19.312878588531390     
         131  -13.531558574243363     
         132  -19.312997176355889     
         132  -13.531556090044708     
         133  -19.313114102081581     
         133  -13.531553615731964     
         134  -19.313229389512266     
         134  -13.531551151608493     
         135  -19.313343062181005     
         135  -13.531548697965359     
         136  -19.313455143350009     
         136  -13.531546255081562     
         137  -19.313565656010624     
         137  -13.531543823224425     
         138  -19.313674622883369     
         138  -13.531541402649848     
         139  -19.313782066418163     
         139  -13.531538993602609     
         140  -19.313888008794940     
         140  -13.531536596316743     
         141  -19.313992471923896     
         141  -13.531534211015702     
         142  -19.314095477446390     
         142  -13.531531837912684     
         143  -19.314197046735682     
         143  -13.531529477210974     
         144  -19.314297200897723     
         144  -13.531527129104083     
         145  -19.314395960772391     
         145  -13.531524793776105     
         146  -19.314493346934317     
         146  -13.531522471401964     
         147  -19.314589379694414     
         147  -13.531520162147627     
         148  -19.314684079100985     
         148  -13.531517866170361     
         149  -19.314777464941230     
         149  -13.531515583618997     
         150  -19.314869556742593     
         150  -13.531513314634132     
         151  -19.314960373774557     
         151  -13.531511059348379     
         152  -19.315049935050077     
         152  -13.531508817886596     
         153  -19.315138259327401     
         153  -13.531506590366053     
         154  -19.315225365111843     
         154  -13.531504376896715     
         155  -19.315311270657528     
         155  -13.531502177581411     
         156  -19.315395993969418     
         156  -13.531499992516071     
         157  -19.315479552805261     
         157  -13.531497821789849     
         158  -19.315561964677372     
         158  -13.531495665485419     
         159  -19.315643246855032     
         159  -13.531493523679080     
         160  -19.315723416366282     
         160  -13.531491396440991     
         161  -19.315802490000262     
         161  -13.531489283835347     
         162  -19.315880484309275     
         162  -13.531487185920517     
         163  -19.315957415610978     
         163  -13.531485102749279     
         164  -19.316033299990657     
         164  -13.531483034368941     
         165  -19.316108153303610     
         165  -13.531480980821510     
         166  -19.316181991177210     
         166  -13.531478942143886     
         167  -19.316254829013364     
         167  -13.531476918367977     
         168  -19.316326681990827     
         168  -13.531474909520886     
         169  -19.316397565067636     
         169  -13.531472915625033     
         170  -19.316467492983257     
         170  -13.531470936698319     
         171  -19.316536480261199     
         171  -13.531468972754261     
         172  -19.316604541211394     
         172  -13.531467023802131     
         173  -19.316671689932377     
         173  -13.531465089847105     
         174  -19.316737940314052     
         174  -13.531463170890378     
         175  -19.316803306039770     
         175  -13.531461266929290     
         176  -19.316867800589037     
         176  -13.531459377957464     
         177  -19.316931437239763     
         177  -13.531457503964919     
         178  -19.316994229070797     
         178  -13.531455644938188     
         179  -19.317056188964244     
         179  -13.531453800860493     
         180  -19.317117329608074     
         180  -13.531451971711768     
         181  -19.317177663498381     
         181  -13.531450157468779     
         182  -19.317237202941840     
         182  -13.531448358105305     
         183  -19.317295960058239     
         183  -13.531446573592200     
         184  -19.317353946782720     
         184  -13.531444803897481     
         185  -19.317411174868354     
         185  -13.531443048986437     
         186  -19.317467655888375     
         186  -13.531441308821778     
         187  -19.317523401238624     
         187  -13.531439583363630     
         188  -19.317578422140013     
         188  -13.531437872569722     
         189  -19.317632729640717     
         189  -13.531436176395388     
         190  -19.317686334618674     
         190  -13.531434494793757     
         191  -19.317739247783834     
         191  -13.531432827715770     
         192  -19.317791479680420     
         192  -13.531431175110280     
         193  -19.317843040689482     
         193  -13.531429536924112     
         194  -19.317893941030817     
         194  -13.531427913102169     
         195  -19.317944190765573     
         195  -13.531426303587532     
         196  -19.317993799798373     
         196  -13.531424708321470     
         197  -19.318042777879484     
         197  -13.531423127243572     
         198  -19.318091134607101     
         198  -13.531421560291752     
         199  -19.318138879429629     
         199  -13.531420007402453     
         200  -19.318186021647723     
         200  -13.531418468510507     
         201  -19.318232570416519     
         201  -13.531416943549390     
         202  -19.318278534747780     
         202  -13.531415432451187     
         203  -19.318323923512086     
         203  -13.531413935146684     
         204  -19.318368745440736     
         204  -13.531412451565448     
         205  -19.318413009128054     
         205  -13.531410981635791     
         206  -19.318456723033307     
         206  -13.531409525284955     
         207  -19.318499895482780     
         207  -13.531408082439091     
         208  -19.318542534671884     
         208  -13.531406653023344     
         209  -19.318584648666963     
         209  -13.531405236961859     
         210  -19.318626245407494     
         210  -13.531403834177906     
         211  -19.318667332707861     
         211  -13.531402444593841     
         212  -19.318707918259307     
         212  -13.531401068131272     
         213  -19.318748009631975     
         213  -13.531399704710948     
         214  -19.318787614276676     
         214  -13.531398354252978     
         215  -19.318826739526770     
         215  -13.531397016676708     
         216  -19.318865392600031     
         216  -13.531395691900931     
         217  -19.318903580600413     
         217  -13.531394379843764     
         218  -19.318941310519996     
         218  -13.531393080422795     
         219  -19.318978589240476     
         219  -13.531391793555137     
         220  -19.319015423535333     
         220  -13.531390519157370     
         221  -19.319051820071042     
         221  -13.531389257145630     
         222  -19.319087785409341     
         222  -13.531388007435693     
         223  -19.319123326008434     
         223  -13.531386769942914     
         224  -19.319158448224950     
         224  -13.531385544582356     
         225  -19.319193158315425     
         225  -13.531384331268736     
         226  -19.319227462438040     
         226  -13.531383129916524     
         227  -19.319261366654114     
         227  -13.531381940439934     
         228  -19.319294876929824     
         228  -13.531380762752962     
         229  -19.319327999137485     
         229  -13.531379596769444     
         230  -19.319360739057437     
         230  -13.531378442403048     
         231  -19.319393102379259     
         231  -13.531377299567293     
         232  -19.319425094703409     
         232  -13.531376168175637     
         233  -19.319456721542632     
         233  -13.531375048141419     
         234  -19.319487988323463     
         234  -13.531373939377954     
         235  -19.319518900387589     
         235  -13.531372841798534     
         236  -19.319549462993354     
         236  -13.531371755316403     
         237  -19.319579681316885     
         237  -13.531370679844887     
         238  -19.319609560453870     
         238  -13.531369615297271     
         239  -19.319639105420521     
         239  -13.531368561586985     
         240  -19.319668321155113     
         240  -13.531367518627460     
         241  -19.319697212519173     
         241  -13.531366486332272     
         242  -19.319725784298903     
         242  -13.531365464615131     
         243  -19.319754041206266     
         243  -13.531364453389843     
         244  -19.319781987880312     
         244  -13.531363452570359     
         245  -19.319809628888475     
         245  -13.531362462070849     
         246  -19.319836968727770     
         246  -13.531361481805636     
         247  -19.319864011825690     
         247  -13.531360511689261     
         248  -19.319890762541959     
         248  -13.531359551636468     
         249  -19.319917225168968     
         249  -13.531358601562246     
         250  -19.319943403933628     
         250  -13.531357661381824     
         251  -19.319969302997848     
         251  -13.531356731010671     
         252  -19.319994926460112     
         252  -13.531355810364591     
         253  -19.320020278356296     
         253  -13.531354899359615     
         254  -19.320045362660828     
         254  -13.531353997912079     
         255  -19.320070183287587     
         255  -13.531353105938653     
         256  -19.320094744091339     
         256  -13.531352223356301     
         257  -19.320119048868257     
         257  -13.531351350082327     
         258  -19.320143101357058     
         258  -13.531350486034402     
         259  -19.320166905240271     
         259  -13.531349631130515     
         260  -19.320190464144861     
         260  -13.531348785289007     
         261  -19.320213781643343     
         261  -13.531347948428618     
         262  -19.320236861254592     
         262  -13.531347120468466     
         263  -19.320259706444979     
         263  -13.531346301328030     
         264  -19.320282320629037     
         264  -13.531345490927210     
         265  -19.320304707170500     
         265  -13.531344689186289     
         266  -19.320326869383084     
         266  -13.531343896025955     
         267  -19.320348810531392     
         267  -13.531343111367327     
         268  -19.320370533831923     
         268  -13.531342335131944     
         269  -19.320392042453520     
         269  -13.531341567241784     
         270  -19.320413339518414     
         270  -13.531340807619213     
         271  -19.320434428103137     
         271  -13.531340056187075     
         272  -19.320455311239236     
         272  -13.531339312868679     
         273  -19.320475991913717     
         273  -13.531338577587720     
         274  -19.320496473070477     
         274  -13.531337850268415     
         275  -19.320516757610402     
         275  -13.531337130835382     
         276  -19.320536848392528     
         276  -13.531336419213739     
         277  -19.320556748234459     
         277  -13.531335715329080     
         278  -19.320576459913465     
         278  -13.531335019107427     
         279  -19.320595986166730     
         279  -13.531334330475298     
         280  -19.320615329692409     
         280  -13.531333649359699     
         281  -19.320634493150109     
         281  -13.531332975688121     
         282  -19.320653479161592     
         282  -13.531332309388489     
         283  -19.320672290311538     
         283  -13.531331650389278     
         284  -19.320690929148036     
         284  -13.531330998619401     
         285  -19.320709398183279     
         285  -13.531330354008286     
         286  -19.320727699894174     
         286  -13.531329716485853     
         287  -19.320745836722985     
         287  -13.531329085982502     
         288  -19.320763811077935     
         288  -13.531328462429133     
         289  -19.320781625333787     
         289  -13.531327845757160     
         290  -19.320799281832361     
         290  -13.531327235898468     
         291  -19.320816782883174     
         291  -13.531326632785442     
         292  -19.320834130763927     
         292  -13.531326036351002     
         293  -19.320851327721297     
         293  -13.531325446528506     
         294  -19.320868375971173     
         294  -13.531324863251875     
         295  -19.320885277699130     
         295  -13.531324286455497     
         296  -19.320902035061575     
         296  -13.531323716074265     
         297  -19.320918650185348     
         297  -13.531323152043583     
         298  -19.320935125168958     
         298  -13.531322594299345     
         299  -19.320951462082832     
         299  -13.531322042777960     
         300  -19.320967662969696     
         300  -13.531321497416318     
         301  -19.320983729845075     
         301  -13.531320958151831     
         302  -19.320999664698064     
         302  -13.531320424922399     
         303  -19.321015469491389     
         303  -13.531319897666412     
         304  -19.321031146162056     
         304  -13.531319376322802     
         305  -19.321046696621828     
         305  -13.531318860830936     
         306  -19.321062122757635     
         306  -13.531318351130734     
         307  -19.321077426431859     
         307  -13.531317847162571     
         308  -19.321092609483074     
         308  -13.531317348867347     
         309  -19.321107673726132     
         309  -13.531316856186432     
         310  -19.321122620952760     
         310  -13.531316369061694     
         311  -19.321137452931971     
         311  -13.531315887435518     
         312  -19.321152171410265     
         312  -13.531315411250752     
         313  -19.321166778112378     
         313  -13.531314940450738     
         314  -19.321181274741225     
         314  -13.531314474979284     
         315  -19.321195662978763     
         315  -13.531314014780747     
         316  -19.321209944485776     
         316  -13.531313559799891     
         317  -19.321224120902759     
         317  -13.531313109982003     
         318  -19.321238193850185     
         318  -13.531312665272846     
         319  -19.321252164928477     
         319  -13.531312225618636     
         320  -19.321266035718761     
         320  -13.531311790966127     
         321  -19.321279807783117     
         321  -13.531311361262466     
         322  -19.321293482664785     
         322  -13.531310936455318     
         323  -19.321307061888632     
         323  -13.531310516492811     
         324  -19.321320546961243     
         324  -13.531310101323552     
         325  -19.321333939371669     
         325  -13.531309690896574     
         326  -19.321347240591333     
         326  -13.531309285161420     
         327  -19.321360452074398     
         327  -13.531308884068066     
         328  -19.321373575258278     
         328  -13.531308487566930     
         329  -19.321386611563746     
         329  -13.531308095608907     
         330  -19.321399562395374     
         330  -13.531307708145363     
         331  -19.321412429141571     
         331  -13.531307325128095     
         332  -19.321425213175122     
         332  -13.531306946509355     
         333  -19.321437915853373     
         333  -13.531306572241800     
         334  -19.321450538518405     
         334  -13.531306202278600     
         335  -19.321463082497441     
         335  -13.531305836573296     
         336  -19.321475549102963     
         336  -13.531305475079918     
         337  -19.321487939633343     
         337  -13.531305117752920     
         338  -19.321500255372442     
         338  -13.531304764547164     
         339  -19.321512497590525     
         339  -13.531304415417964     
         340  -19.321524667543997     
         340  -13.531304070321051     
         341  -19.321536766476033     
         341  -13.531303729212611     
         342  -19.321548795616486     
         342  -13.531303392049171     
         343  -19.321560756182304     
         343  -13.531303058787772     
         344  -19.321572649377913     
         344  -13.531302729385834     
         345  -19.321584476395103     
         345  -13.531302403801162     
         346  -19.321596238413349     
         346  -13.531302081991981     
         347  -19.321607936600238     
         347  -13.531301763916971     
         348  -19.321619572111430     
         348  -13.531301449535151     
         349  -19.321631146091036     
         349  -13.531301138806002     
         350  -19.321642659671696     
         350  -13.531300831689341     
         351  -19.321654113974894     
         351  -13.531300528145442     
         352  -19.321665510111124     
         352  -13.531300228134931     
         353  -19.321676849179990     
         353  -13.531299931618836     
         354  -19.321688132270634     
         354  -13.531299638558579     
         355  -19.321699360461714     
         355  -13.531299348915949     
         356  -19.321710534821531     
         356  -13.531299062653137     
         357  -19.321721656408535     
         357  -13.531298779732692     
         358  -19.321732726271279     
         358  -13.531298500117583     
         359  -19.321743745448487     
         359  -13.531298223771072     
         360  -19.321754714969625     
         360  -13.531297950656860     
         361  -19.321765635854618     
         361  -13.531297680738998     
         362  -19.321776509114269     
         362  -13.531297413981894     
         363  -19.321787335750439     
         363  -13.531297150350309     
         364  -19.321798116756202     
         364  -13.531296889809381     
         365  -19.321808853115780     
         365  -13.531296632324574     
         366  -19.321819545805162     
         366  -13.531296377861761     
         367  -19.321830195791833     
         367  -13.531296126387096     
         368  -19.321840804035091     
         368  -13.531295877867128     
         369  -19.321851371486119     
         369  -13.531295632268716     
         370  -19.321861899088461     
         370  -13.531295389559119     
         371  -19.321872387777699     
         371  -13.531295149705850     
         372  -19.321882838481933     
         372  -13.531294912676818     
         373  -19.321893252121786     
         373  -13.531294678440251     
         374  -19.321903629610546     
         374  -13.531294446964692     
         375  -19.321913971854364     
         375  -13.531294218219031     
         376  -19.321924279752494     
         376  -13.531293992172470     
         377  -19.321934554197039     
         377  -13.531293768794530     
         378  -19.321944796073439     
         378  -13.531293548055068     
         379  -19.321955006260676     
         379  -13.531293329924228     
         380  -19.321965185631047     
         380  -13.531293114372492     
         381  -19.321975335050588     
         381  -13.531292901370648     
         382  -19.321985455379007     
         382  -13.531292690889773     
         383  -19.321995547469886     
         383  -13.531292482901275     
         384  -19.322005612170891     
         384  -13.531292277376854     
         385  -19.322015650323838     
         385  -13.531292074288496     
         386  -19.322025662764734     
         386  -13.531291873608478     
         387  -19.322035650323812     
         387  -13.531291675309424     
         388  -19.322045613825992     
         388  -13.531291479364194     
         389  -19.322055554090770     
         389  -13.531291285745953     
         390  -19.322065471932142     
         390  -13.531291094428154     
         391  -19.322075368159187     
         391  -13.531290905384523     
         392  -19.322085243575650     
         392  -13.531290718589116     
         393  -19.322095098980423     
         393  -13.531290534016186     
         394  -19.322104935167676     
         394  -13.531290351640317     
         395  -19.322114752926456     
         395  -13.531290171436362     
         396  -19.322124553041704     
         396  -13.531289993379426     
         397  -19.322134336293210     
         397  -13.531289817444890     
         398  -19.322144103456655     
         398  -13.531289643608403     
         399  -19.322153855303302     
         399  -13.531289471845870     
         400  -19.322163592600194     
         400  -13.531289302133464     
         401  -19.322173316110121     
         401  -13.531289134447620     
         402  -19.322183026591933     
         402  -13.531288968765010     
         403  -19.322192724800299     
         403  -13.531288805062578     
         404  -19.322202411486270     
         404  -13.531288643317493     
         405  -19.322212087396942     
         405  -13.531288483507234     
         406  -19.322221753275851     
         406  -13.531288325609424     
         407  -19.322231409862670     
         407  -13.531288169602036     
         408  -19.322241057893873     
         408  -13.531288015463200     
         409  -19.322250698102462     
         409  -13.531287863171348     
         410  -19.322260331217791     
         410  -13.531287712705094     
         411  -19.322269957966320     
         411  -13.531287564043327     
         412  -19.322279579071083     
         412  -13.531287417165153     
         413  -19.322289195252154     
         413  -13.531287272049891     
         414  -19.322298807226648     
         414  -13.531287128677132     
         415  -19.322308415708491     
         415  -13.531286987026627     
         416  -19.322318021409227     
         416  -13.531286847078404     
         417  -19.322327625037193     
         417  -13.531286708812706     
         418  -19.322337227298284     
         418  -13.531286572209943     
         419  -19.322346828895558     
         419  -13.531286437250824     
         420  -19.322356430529950     
         420  -13.531286303916191     
         421  -19.322366032899396     
         421  -13.531286172187162     
         422  -19.322375636700023     
         422  -13.531286042045023     
         423  -19.322385242625050     
         423  -13.531285913471269     
         424  -19.322394851366017     
         424  -13.531285786447624     
         425  -19.322404463612042     
         425  -13.531285660956017     
         426  -19.322414080050059     
         426  -13.531285536978542     
         427  -19.322423701365203     
         427  -13.531285414497519     
         428  -19.322433328240589     
         428  -13.531285293495481     
         429  -19.322442961357307     
         429  -13.531285173955103     
         430  -19.322452601394858     
         430  -13.531285055859318     
         431  -19.322462249030817     
         431  -13.531284939191199     
         432  -19.322471904941292     
         432  -13.531284823934026     
         433  -19.322481569800630     
         433  -13.531284710071292     
         434  -19.322491244281636     
         434  -13.531284597586618     
         435  -19.322500929055760     
         435  -13.531284486463875     
         436  -19.322510624792884     
         436  -13.531284376687061     
         437  -19.322520332161758     
         437  -13.531284268240372     
         438  -19.322530051829681     
         438  -13.531284161108189     
         439  -19.322539784462816     
         439  -13.531284055275080     
         440  -19.322549530726093     
         440  -13.531283950725760     
         441  -19.322559291283383     
         441  -13.531283847445110     
         442  -19.322569066797712     
         442  -13.531283745418229     
         443  -19.322578857930875     
         443  -13.531283644630335     
         444  -19.322588665343915     
         444  -13.531283545066836     
         445  -19.322598489696912     
         445  -13.531283446713317     
         446  -19.322608331649388     
         446  -13.531283349555483     
         447  -19.322618191859835     
         447  -13.531283253579273     
         448  -19.322628070986358     
         448  -13.531283158770693     
         449  -19.322637969686291     
         449  -13.531283065115973     
         450  -19.322647888616501     
         450  -13.531282972601502     
         451  -19.322657828433204     
         451  -13.531282881213789     
         452  -19.322667789792380     
         452  -13.531282790939493     
         453  -19.322677773349572     
         453  -13.531282701765479     
         454  -19.322687779759885     
         454  -13.531282613678714     
         455  -19.322697809678434     
         455  -13.531282526666311     
         456  -19.322707863759760     
         456  -13.531282440715557     
         457  -19.322717942658546     
         457  -13.531282355813882     
         458  -19.322728047029290     
         458  -13.531282271948829     
         459  -19.322738177526272     
         459  -13.531282189108119     
         460  -19.322748334804029     
         460  -13.531282107279596     
         461  -19.322758519517024     
         461  -13.531282026451221     
         462  -19.322768732319989     
         462  -13.531281946611156     
         463  -19.322778973867521     
         463  -13.531281867747653     
         464  -19.322789244814849     
         464  -13.531281789849075     
         465  -19.322799545817077     
         465  -13.531281712903985     
         466  -19.322809877529945     
         466  -13.531281636901024     
         467  -19.322820240609257     
         467  -13.531281561828981     
         468  -19.322830635711750     
         468  -13.531281487676781     
         469  -19.322841063494128     
         469  -13.531281414433460     
         470  -19.322851524613824     
         470  -13.531281342088207     
         471  -19.322862019728930     
         471  -13.531281270630284     
         472  -19.322872549498140     
         472  -13.531281200049165     
         473  -19.322883114580776     
         473  -13.531281130334346     
         474  -19.322893715637022     
         474  -13.531281061475504     
         475  -19.322904353327619     
         475  -13.531280993462419     
         476  -19.322915028314348     
         476  -13.531280926284998     
         477  -19.322925741259940     
         477  -13.531280859933263     
         478  -19.322936492827719     
         478  -13.531280794397324     
         479  -19.322947283682456     
         479  -13.531280729667445     
         480  -19.322958114489648     
         480  -13.531280665733982     
         481  -19.322968985915914     
         481  -13.531280602587383     
         482  -19.322979898629004     
         482  -13.531280540218271     
         483  -19.322990853298077     
         483  -13.531280478617335     
         484  -19.323001850593197     
         484  -13.531280417775333     
         485  -19.323012891185982     
         485  -13.531280357683190     
         486  -19.323023975749084     
         486  -13.531280298331927     
         487  -19.323035104956837     
         487  -13.531280239712659     
         488  -19.323046279484874     
         488  -13.531280181816593     
         489  -19.323057500010247     
         489  -13.531280124635060     
         490  -19.323068767211584     
         490  -13.531280068159482     
         491  -19.323080081769024     
         491  -13.531280012381385     
         492  -19.323091444364469     
         492  -13.531279957292378     
         493  -19.323102855681476     
         493  -13.531279902884190     
         494  -19.323114316404933     
         494  -13.531279849148627     
         495  -19.323125827221968     
         495  -13.531279796077607     
         496  -19.323137388821351     
         496  -13.531279743663138     
         497  -19.323149001893661     
         497  -13.531279691897311     
         498  -19.323160667131294     
         498  -13.531279640772329     
         499  -19.323172385228837     
         499  -13.531279590280464     
         500  -19.323184156882743     
         500  -13.531279540414083     
         501  -19.323195982791326     
         501  -13.531279491165673     
         502  -19.323207863655316     
         502  -13.531279442527762     
         503  -19.323219800177377     
         503  -13.531279394492987     
         504  -19.323231793062380     
         504  -13.531279347054086     
         505  -19.323243843017462     
         505  -13.531279300203868     
         506  -19.323255950752099     
         506  -13.531279253935219     
         507  -19.323268116977808     
         507  -13.531279208241113     
         508  -19.323280342408921     
         508  -13.531279163114615     
         509  -19.323292627761724     
         509  -13.531279118548868     
         510  -19.323304973755441     
         510  -13.531279074537093     
         511  -19.323317381111245     
         511  -13.531279031072579     
         512  -19.323329850553417     
         512  -13.531278988148745     
         513  -19.323342382808466     
         513  -13.531278945759004     
         514  -19.323354978605749     
         514  -13.531278903896906     
         515  -19.323367638677247     
         515  -13.531278862556089     
         516  -19.323380363757543     
         516  -13.531278821730185     
         517  -19.323393154584313     
         517  -13.531278781413004     
         518  -19.323406011897955     
         518  -13.531278741598381     
         519  -19.323418936441662     
         519  -13.531278702280176     
         520  -19.323431928961373     
         520  -13.531278663452415     
         521  -19.323444990206561     
         521  -13.531278625109131     
         522  -19.323458120929313     
         522  -13.531278587244447     
         523  -19.323471321884824     
         523  -13.531278549852569     
         524  -19.323484593831392     
         524  -13.531278512927706     
         525  -19.323497937530899     
         525  -13.531278476464248     
         526  -19.323511353747641     
         526  -13.531278440456544     
         527  -19.323524843249853     
         527  -13.531278404899089     
         528  -19.323538406808911     
         528  -13.531278369786364     
         529  -19.323552045199342     
         529  -13.531278335113004     
         530  -19.323565759199337     
         530  -13.531278300873643     
         531  -19.323579549590381     
         531  -13.531278267063017     
         532  -19.323593417157529     
         532  -13.531278233675879     
         533  -19.323607362689355     
         533  -13.531278200707101     
         534  -19.323621386977987     
         534  -13.531278168151552     
         535  -19.323635490819441     
         535  -13.531278136004241     
         536  -19.323649675013002     
         536  -13.531278104260160     
         537  -19.323663940361865     
         537  -13.531278072914390     
         538  -19.323678287673424     
         538  -13.531278041962095     
         539  -19.323692717758131     
         539  -13.531278011398463     
         540  -19.323707231431026     
         540  -13.531277981218757     
         541  -19.323721829510863     
         541  -13.531277951418287     
         542  -19.323736512820020     
         542  -13.531277921992425     
         543  -19.323751282185484     
         543  -13.531277892936584     
         544  -19.323766138437925     
         544  -13.531277864246253     
         545  -19.323781082412349     
         545  -13.531277835916972     
         546  -19.323796114947747     
         546  -13.531277807944301     
         547  -19.323811236887565     
         547  -13.531277780323908     
         548  -19.323826449079316     
         548  -13.531277753051464     
         549  -19.323841752375028     
         549  -13.531277726122743     
         550  -19.323857147631173     
         550  -13.531277699533483     
         551  -19.323872635708124     
         551  -13.531277673279567     
         552  -19.323888217471428     
         552  -13.531277647356896     
         553  -19.323903893790721     
         553  -13.531277621761378     
         554  -19.323919665540597     
         554  -13.531277596489021     
         555  -19.323935533599773     
         555  -13.531277571535888     
         556  -19.323951498851937     
         556  -13.531277546898014     
         557  -19.323967562185551     
         557  -13.531277522571573     
         558  -19.323983724493875     
         558  -13.531277498552708     
         559  -19.323999986675030     
         559  -13.531277474837676     
         560  -19.324016349631542     
         560  -13.531277451422733     
         561  -19.324032814271749     
         561  -13.531277428304204     
         562  -19.324049381508207     
         562  -13.531277405478436     
         563  -19.324066052258921     
         563  -13.531277382941845     
         564  -19.324082827446961     
         564  -13.531277360690854     
         565  -19.324099708000389     
         565  -13.531277338721965     
         566  -19.324116694852716     
         566  -13.531277317031718     
         567  -19.324133788942387     
         567  -13.531277295616674     
         568  -19.324150991213518     
         568  -13.531277274473430     
         569  -19.324168302615455     
         569  -13.531277253598674     
         570  -19.324185724102794     
         570  -13.531277232989083     
         571  -19.324203256635840     
         571  -13.531277212641388     
         572  -19.324220901180258     
         572  -13.531277192552372     
         573  -19.324238658707486     
         573  -13.531277172718829     
         574  -19.324256530194454     
         574  -13.531277153137617     
         575  -19.324274516623827     
         575  -13.531277133805654     
         576  -19.324292618984042     
         576  -13.531277114719815     
         577  -19.324310838269412     
         577  -13.531277095877110     
         578  -19.324329175479875     
         578  -13.531277077274504     
         579  -19.324347631621499     
         579  -13.531277058909035     
         580  -19.324366207706341     
         580  -13.531277040777788     
         581  -19.324384904752431     
         581  -13.531277022877873     
         582  -19.324403723783700     
         582  -13.531277005206425     
         583  -19.324422665830831     
         583  -13.531276987760620     
         584  -19.324441731929920     
         584  -13.531276970537654     
         585  -19.324460923123986     
         585  -13.531276953534803     
         586  -19.324480240461774     
         586  -13.531276936749306     
         587  -19.324499684999012     
         587  -13.531276920178499     
         588  -19.324519257797473     
         588  -13.531276903819718     
         589  -19.324538959925682     
         589  -13.531276887670341     
         590  -19.324558792458365     
         590  -13.531276871727759     
         591  -19.324578756477308     
         591  -13.531276855989411     
         592  -19.324598853070455     
         592  -13.531276840452795     
         593  -19.324619083333317     
         593  -13.531276825115386     
         594  -19.324639448367105     
         594  -13.531276809974708     
         595  -19.324659949280893     
         595  -13.531276795028328     
         596  -19.324680587190102     
         596  -13.531276780273846     
         597  -19.324701363217411     
         597  -13.531276765708865     
         598  -19.324722278492288     
         598  -13.531276751331056     
         599  -19.324743334151524     
         599  -13.531276737138050     
         600  -19.324764531338946     
         600  -13.531276723127590     
         601  -19.324785871205847     
         601  -13.531276709297392     
         602  -19.324807354910629     
         602  -13.531276695645218     
         603  -19.324828983619099     
         603  -13.531276682168841     
         604  -19.324850758504393     
         604  -13.531276668866109     
         605  -19.324872680747259     
         605  -13.531276655734828     
         606  -19.324894751536029     
         606  -13.531276642772871     
         607  -19.324916972066678     
         607  -13.531276629978139     
         608  -19.324939343542656     
         608  -13.531276617348540     
         609  -19.324961867175464     
         609  -13.531276604882033     
         610  -19.324984544184126     
         610  -13.531276592576553     
         611  -19.325007375795860     
         611  -13.531276580430132     
         612  -19.325030363245556     
         612  -13.531276568440747     
         613  -19.325053507776627     
         613  -13.531276556606475     
         614  -19.325076810639665     
         614  -13.531276544925381     
         615  -19.325100273094190     
         615  -13.531276533395516     
         616  -19.325123896407913     
         616  -13.531276522015027     
         617  -19.325147681856539     
         617  -13.531276510782032     
         618  -19.325171630724242     
         618  -13.531276499694691     
         619  -19.325195744303819     
         619  -13.531276488751182     
         620  -19.325220023896140     
         620  -13.531276477949723     
         621  -19.325244470811207     
         621  -13.531276467288505     
         622  -19.325269086367250     
         622  -13.531276456765813     
         623  -19.325293871891397     
         623  -13.531276446379882     
         624  -19.325318828719571     
         624  -13.531276436129016     
         625  -19.325343958196534     
         625  -13.531276426011518     
         626  -19.325369261676297     
         626  -13.531276416025726     
         627  -19.325394740520935     
         627  -13.531276406169988     
         628  -19.325420396102935     
         628  -13.531276396442653     
         629  -19.325446229802921     
         629  -13.531276386842146     
         630  -19.325472243011237     
         630  -13.531276377366856     
         631  -19.325498437127578     
         631  -13.531276368015206     
         632  -19.325524813560385     
         632  -13.531276358785671     
         633  -19.325551373728622     
         633  -13.531276349676700     
         634  -19.325578119059909     
         634  -13.531276340686761     
         635  -19.325605050991921     
         635  -13.531276331814407     
         636  -19.325632170971978     
         636  -13.531276323058130     
         637  -19.325659480457041     
         637  -13.531276314416459     
         638  -19.325686980914039     
         638  -13.531276305887966     
         639  -19.325714673819789     
         639  -13.531276297471242     
         640  -19.325742560661283     
         640  -13.531276289164868     
         641  -19.325770642935307     
         641  -13.531276280967438     
         642  -19.325798922149119     
         642  -13.531276272877619     
         643  -19.325827399820088     
         643  -13.531276264894034     
         644  -19.325856077475962     
         644  -13.531276257015344     
         645  -19.325884956654921     
         645  -13.531276249240218     
         646  -19.325914038905445     
         646  -13.531276241567372     
         647  -19.325943325786998     
         647  -13.531276233995513     
         648  -19.325972818869392     
         648  -13.531276226523357     
         649  -19.326002519733578     
         649  -13.531276219149643     
         650  -19.326032429970827     
         650  -13.531276211873138     
         651  -19.326062551183625     
         651  -13.531276204692627     
         652  -19.326092884985371     
         652  -13.531276197606863     
         653  -19.326123433000884     
         653  -13.531276190614671     
         654  -19.326154196865819     
         654  -13.531276183714862     
         655  -19.326185178227227     
         655  -13.531276176906278     
         656  -19.326216378743720     
         656  -13.531276170187772     
         657  -19.326247800084925     
         657  -13.531276163558166     
         658  -19.326279443932286     
         658  -13.531276157016377     
         659  -19.326311311978984     
         659  -13.531276150561270     
         660  -19.326343405929673     
         660  -13.531276144191756     
         661  -19.326375727501276     
         661  -13.531276137906737     
         662  -19.326408278421951     
         662  -13.531276131705161     
         663  -19.326441060432504     
         663  -13.531276125585967     
         664  -19.326474075285272     
         664  -13.531276119548101     
         665  -19.326507324745489     
         665  -13.531276113590536     
         666  -19.326540810589616     
         666  -13.531276107712239     
         667  -19.326574534607840     
         667  -13.531276101912228     
         668  -19.326608498601697     
         668  -13.531276096189501     
         669  -19.326642704385797     
         669  -13.531276090543054     
         670  -19.326677153787436     
         670  -13.531276084971953     
         671  -19.326711848646713     
         671  -13.531276079475216     
         672  -19.326746790816117     
         672  -13.531276074051902     
         673  -19.326781982161545     
         673  -13.531276068701086     
         674  -19.326817424562073     
         674  -13.531276063421833     
         675  -19.326853119909959     
         675  -13.531276058213237     
         676  -19.326889070109939     
         676  -13.531276053074391     
         677  -19.326925277081088     
         677  -13.531276048004425     
         678  -19.326961742755415     
         678  -13.531276043002441     
         679  -19.326998469078752     
         679  -13.531276038067576     
         680  -19.327035458010524     
         680  -13.531276033198978     
         681  -19.327072711524007     
         681  -13.531276028395800     
         682  -19.327110231606028     
         682  -13.531276023657203     
         683  -19.327148020257983     
         683  -13.531276018982386     
         684  -19.327186079494812     
         684  -13.531276014370492     
         685  -19.327224411346162     
         685  -13.531276009820742     
         686  -19.327263017855799     
         686  -13.531276005332353     
         687  -19.327301901081501     
         687  -13.531276000904517     
         688  -19.327341063096366     
         688  -13.531275996536460     
         689  -19.327380505987588     
         689  -13.531275992227435     
         690  -19.327420231857111     
         690  -13.531275987976670     
         691  -19.327460242822255     
         691  -13.531275983783409     
         692  -19.327500541014945     
         692  -13.531275979646956     
         693  -19.327541128581771     
         693  -13.531275975566544     
         694  -19.327582007685702     
         694  -13.531275971541474     
         695  -19.327623180503842     
         695  -13.531275967571020     
         696  -19.327664649229447     
         696  -13.531275963654506     
         697  -19.327706416071450     
         697  -13.531275959791197     
         698  -19.327748483253359     
         698  -13.531275955980439     
         699  -19.327790853016101     
         699  -13.531275952221559     
         700  -19.327833527615237     
         700  -13.531275948513898     
         701  -19.327876509322973     
         701  -13.531275944856763     
         702  -19.327919800427335     
         702  -13.531275941249532     
         703  -19.327963403233163     
         703  -13.531275937691554     
         704  -19.328007320061147     
         704  -13.531275934182176     
         705  -19.328051553248454     
         705  -13.531275930720806     
         706  -19.328096105149548     
         706  -13.531275927306812     
         707  -19.328140978135202     
         707  -13.531275923939575     
         708  -19.328186174593057     
         708  -13.531275920618507     
         709  -19.328231696928281     
         709  -13.531275917342994     
         710  -19.328277547562113     
         710  -13.531275914112445     
         711  -19.328323728934315     
         711  -13.531275910926308     
         712  -19.328370243501332     
         712  -13.531275907783986     
         713  -19.328417093737567     
         713  -13.531275904684923     
         714  -19.328464282134430     
         714  -13.531275901628550     
         715  -19.328511811202027     
         715  -13.531275898614320     
         716  -19.328559683467677     
         716  -13.531275895641681     
         717  -19.328607901477522     
         717  -13.531275892710097     
         718  -19.328656467794808     
         718  -13.531275889819041     
         719  -19.328705385002454     
         719  -13.531275886967995     
         720  -19.328754655700816     
         720  -13.531275884156422     
         721  -19.328804282509129     
         721  -13.531275881383813     
         722  -19.328854268065847     
         722  -13.531275878649664     
         723  -19.328904615027845     
         723  -13.531275875953497     
         724  -19.328955326071174     
         724  -13.531275873294780     
         725  -19.329006403891068     
         725  -13.531275870673049     
         726  -19.329057851202379     
         726  -13.531275868087828     
         727  -19.329109670738870     
         727  -13.531275865538641     
         728  -19.329161865254299     
         728  -13.531275863024991     
         729  -19.329214437521966     
         729  -13.531275860546444     
         730  -19.329267390335229     
         730  -13.531275858102537     
         731  -19.329320726507685     
         731  -13.531275855692813     
         732  -19.329374448872915     
         732  -13.531275853316849     
         733  -19.329428560284438     
         733  -13.531275850974160     
         734  -19.329483063617470     
         734  -13.531275848664345     
         735  -19.329537961766480     
         735  -13.531275846386965     
         736  -19.329593257648106     
         736  -13.531275844141595     
         737  -19.329648954198348     
         737  -13.531275841927810     
         738  -19.329705054375935     
         738  -13.531275839745222     
         739  -19.329761561159771     
         739  -13.531275837593398     
         740  -19.329818477550894     
         740  -13.531275835471952     
         741  -19.329875806571458     
         741  -13.531275833380469     
         742  -19.329933551265537     
         742  -13.531275831318560     
         743  -19.329991714699613     
         743  -13.531275829285846     
         744  -19.330050299960938     
         744  -13.531275827281945     
         745  -19.330109310160537     
         745  -13.531275825306459     
         746  -19.330168748430829     
         746  -13.531275823359040     
         747  -19.330228617927023     
         747  -13.531275821439289     
         748  -19.330288921827314     
         748  -13.531275819546879     
         749  -19.330349663332896     
         749  -13.531275817681426     
         750  -19.330410845667188     
         750  -13.531275815842598     
         751  -19.330472472078011     
         751  -13.531275814030018     
         752  -19.330534545836212     
         752  -13.531275812243331     
         753  -19.330597070235072     
         753  -13.531275810482233     
         754  -19.330660048593508     
         754  -13.531275808746367     
         755  -19.330723484253408     
         755  -13.531275807035403     
         756  -19.330787380580475     
         756  -13.531275805349003     
         757  -19.330851740965180     
         757  -13.531275803686837     
         758  -19.330916568822914     
         758  -13.531275802048610     
         759  -19.330981867592286     
         759  -13.531275800434008     
         760  -19.331047640738312     
         760  -13.531275798842683     
         761  -19.331113891750086     
         761  -13.531275797274356     
         762  -19.331180624142259     
         762  -13.531275795728707     
         763  -19.331247841454580     
         763  -13.531275794205444     
         764  -19.331315547252419     
         764  -13.531275792704264     
         765  -19.331383745127528     
         765  -13.531275791224882     
         766  -19.331452438696637     
         766  -13.531275789767001     
         767  -19.331521631603245     
         767  -13.531275788330337     
         768  -19.331591327517341     
         768  -13.531275786914613     
         769  -19.331661530134408     
         769  -13.531275785519535     
         770  -19.331732243177644     
         770  -13.531275784144846     
         771  -19.331803470397276     
         771  -13.531275782790271     
         772  -19.331875215569841     
         772  -13.531275781455525     
         773  -19.331947482499491     
         773  -13.531275780140371     
         774  -19.332020275018170     
         774  -13.531275778844536     
         775  -19.332093596985196     
         775  -13.531275777567739     
         776  -19.332167452287848     
         776  -13.531275776309752     
         777  -19.332241844841985     
         777  -13.531275775070338     
         778  -19.332316778591121     
         778  -13.531275773849202     
         779  -19.332392257507600     
         779  -13.531275772646145     
         780  -19.332468285592327     
         780  -13.531275771460896     
         781  -19.332544866875622     
         781  -13.531275770293233     
         782  -19.332622005416599     
         782  -13.531275769142916     
         783  -19.332699705303664     
         783  -13.531275768009703     
         784  -19.332777970655094     
         784  -13.531275766893350     
         785  -19.332856805618373     
         785  -13.531275765793655     
         786  -19.332936214372264     
         786  -13.531275764710408     
         787  -19.333016201124405     
         787  -13.531275763643361     
         788  -19.333096770113745     
         788  -13.531275762592308     
         789  -19.333177925609210     
         789  -13.531275761557024     
         790  -19.333259671911271     
         790  -13.531275760537294     
         791  -19.333342013351437     
         791  -13.531275759532930     
         792  -19.333424954292358     
         792  -13.531275758543703     
         793  -19.333508499128413     
         793  -13.531275757569428     
         794  -19.333592652285439     
         794  -13.531275756609865     
         795  -19.333677418221985     
         795  -13.531275755664844     
         796  -19.333762801428264     
         796  -13.531275754734185     
         797  -19.333848806427294     
         797  -13.531275753817669     
         798  -19.333935437775306     
         798  -13.531275752915091     
         799  -19.334022700060210     
         799  -13.531275752026302     
         800  -19.334110597904509     
         800  -13.531275751151075     
         801  -19.334199135963605     
         801  -13.531275750289236     
         802  -19.334288318926134     
         802  -13.531275749440624     
         803  -19.334378151516301     
         803  -13.531275748605031     
         804  -19.334468638490200     
         804  -13.531275747782312     
         805  -19.334559784640252     
         805  -13.531275746972257     
         806  -19.334651594793179     
         806  -13.531275746174698     
         807  -19.334744073809716     
         807  -13.531275745389495     
         808  -19.334837226586952     
         808  -13.531275744616469     
         809  -19.334931058056984     
         809  -13.531275743855419     
         810  -19.335025573187615     
         810  -13.531275743106210     
         811  -19.335120776982851     
         811  -13.531275742368678     
         812  -19.335216674481927     
         812  -13.531275741642657     
         813  -19.335313270762537     
         813  -13.531275740928006     
         814  -19.335410570937356     
         814  -13.531275740224538     
         815  -19.335508580157171     
         815  -13.531275739532134     
         816  -19.335607303609294     
         816  -13.531275738850614     
         817  -19.335706746519090     
         817  -13.531275738179831     
         818  -19.335806914149664     
         818  -13.531275737519659     
         819  -19.335907811802432     
         819  -13.531275736869940     
         820  -19.336009444816572     
         820  -13.531275736230514     
         821  -19.336111818570917     
         821  -13.531275735601252     
         822  -19.336214938482495     
         822  -13.531275734982017     
         823  -19.336318810007391     
         823  -13.531275734372683     
         824  -19.336423438642392     
         824  -13.531275733773088     
         825  -19.336528829922624     
         825  -13.531275733183104     
         826  -19.336634989424528     
         826  -13.531275732602587     
         827  -19.336741922763903     
         827  -13.531275732031439     
         828  -19.336849635597570     
         828  -13.531275731469506     
         829  -19.336958133624126     
         829  -13.531275730916647     
         830  -19.337067422581871     
         830  -13.531275730372778     
         831  -19.337177508252012     
         831  -13.531275729837720     
         832  -19.337288396457236     
         832  -13.531275729311401     
         833  -19.337400093061710     
         833  -13.531275728793654     
         834  -19.337512603973277     
         834  -13.531275728284399     
         835  -19.337625935141261     
         835  -13.531275727783493     
         836  -19.337740092559280     
         836  -13.531275727290826     
         837  -19.337855082263051     
         837  -13.531275726806280     
         838  -19.337970910332750     
         838  -13.531275726329746     
         839  -19.338087582893213     
         839  -13.531275725861102     
         840  -19.338205106111996     
         840  -13.531275725400265     
         841  -19.338323486202693     
         841  -13.531275724947085     
         842  -19.338442729422887     
         842  -13.531275724501469     
         843  -19.338562842076154     
         843  -13.531275724063320     
         844  -19.338683830511201     
         844  -13.531275723632545     
         845  -19.338805701122784     
         845  -13.531275723209005     
         846  -19.338928460352356     
         846  -13.531275722792612     
         847  -19.339052114687302     
         847  -13.531275722383283     
         848  -19.339176670662116     
         848  -13.531275721980894     
         849  -19.339302134859153     
         849  -13.531275721585358     
         850  -19.339428513907105     
         850  -13.531275721196584     
         851  -19.339555814484353     
         851  -13.531275720814458     
         852  -19.339684043315646     
         852  -13.531275720438893     
         853  -19.339813207175837     
         853  -13.531275720069802     
         854  -19.339943312888526     
         854  -13.531275719707079     
         855  -19.340074367325489     
         855  -13.531275719350640     
         856  -19.340206377409828     
         856  -13.531275719000421     
         857  -19.340339350113201     
         857  -13.531275718656289     
         858  -19.340473292458729     
         858  -13.531275718318192     
         859  -19.340608211519253     
         859  -13.531275717986018     
         860  -19.340744114420389     
         860  -13.531275717659700     
         861  -19.340881008337522     
         861  -13.531275717339140     
         862  -19.341018900498561     
         862  -13.531275717024263     
         863  -19.341157798183726     
         863  -13.531275716714989     
         864  -19.341297708725548     
         864  -13.531275716411240     
