  t   J_i   l_i   J_f   l_f   Lam  n1   lj1  n2  lj2   TD   TD/sqrt(2j_1+1)
  0     0     1     0     1  0     2     1     2     1     0.98446515     0.69612199
  0     0     1     0     1  0     2     2     2     2     1.89499294     0.94749647
  0     0     1     0     1  0     1     5     1     5     2.06963333     0.84492427
  0     0     1     0     1  0     1     8     1     8     1.81762427     0.57478326
  1     0     1     0     1  0     2     1     2     1     0.23811678     0.16837399
  1     0     1     0     1  0     2     2     2     2     0.69945848     0.34972924
  1     0     1     0     1  0     1     5     1     5     0.83352073     0.34028341
  1     0     1     0     1  0     1     8     1     8     0.07059395     0.02232377
  0     0     1     0     2  0     2     1     2     1     0.00270879     0.00191541
  0     0     1     0     2  0     2     2     2     2     0.00736306     0.00368153
  0     0     1     0     2  0     1     5     1     5     0.09342444     0.03814037
  0     0     1     0     2  0     1     8     1     8    -0.07809925    -0.02469715
  1     0     1     0     2  0     2     1     2     1    -0.02533318    -0.01791326
  1     0     1     0     2  0     2     2     2     2    -0.01520566    -0.00760283
  1     0     1     0     2  0     1     5     1     5    -0.03162240    -0.01290979
  1     0     1     0     2  0     1     8     1     8     0.04526529     0.01431414
  0     0     1     2     1  2     2     1     2     2     0.26427438     0.18687021
  0     0     1     2     1  2     2     1     1     5    -0.36169797    -0.25575909
  0     0     1     2     1  2     2     2     2     1    -0.18392622    -0.09196311
  0     0     1     2     1  2     2     2     2     2    -0.05234249    -0.02617124
  0     0     1     2     1  2     2     2     1     5    -0.04699629    -0.02349814
  0     0     1     2     1  2     1     5     2     1    -0.31221165    -0.12745987
  0     0     1     2     1  2     1     5     2     2     0.05882694     0.02401600
  0     0     1     2     1  2     1     5     1     5    -0.45621533    -0.18624913
  0     0     1     2     1  2     1     8     1     8    -1.34192424    -0.42435371
  1     0     1     2     1  2     2     1     2     2     0.36073437     0.25507772
  1     0     1     2     1  2     2     1     1     5    -0.37196533    -0.26301920
  1     0     1     2     1  2     2     2     2     1    -0.30135113    -0.15067557
  1     0     1     2     1  2     2     2     2     2    -0.70640038    -0.35320019
  1     0     1     2     1  2     2     2     1     5    -0.26579006    -0.13289503
  1     0     1     2     1  2     1     5     1     8     0.00003426     0.00001399
  1     0     1     2     1  2     1     5     2     1    -0.30011050    -0.12251960
  1     0     1     2     1  2     1     5     2     2     0.25984668     0.10608196
  1     0     1     2     1  2     1     5     1     5    -1.01435827    -0.41411003
  1     0     1     2     1  2     1     8     1     8    -0.09989283    -0.03158889
  0     0     1     2     2  2     2     1     2     2    -0.06943196    -0.04909581
  0     0     1     2     2  2     2     1     1     5     0.26562995     0.18782874
  0     0     1     2     2  2     2     2     2     1     0.03401267     0.01700634
  0     0     1     2     2  2     2     2     2     2     0.06472320     0.03236160
  0     0     1     2     2  2     2     2     1     5     0.04889620     0.02444810
  0     0     1     2     2  2     1     5     2     1     0.21778479     0.08891027
  0     0     1     2     2  2     1     5     2     2    -0.06293116    -0.02569154
  0     0     1     2     2  2     1     5     1     5    -0.08269693    -0.03376088
  0     0     1     2     2  2     1     8     1     8    -0.03165959    -0.01001164
  0     0     1     2     2  2     1     8     1     5     0.00009126     0.00002886
  1     0     1     2     2  2     2     1     2     2     0.19134430     0.13530085
  1     0     1     2     2  2     2     1     1     5    -0.29607293    -0.20935518
  1     0     1     2     2  2     2     2     2     1    -0.10807390    -0.05403695
  1     0     1     2     2  2     2     2     2     2    -0.07585977    -0.03792989
  1     0     1     2     2  2     2     2     1     5     0.04955806     0.02477903
  1     0     1     2     2  2     1     5     1     8    -0.00002639    -0.00001077
  1     0     1     2     2  2     1     5     2     1    -0.17654583    -0.07207453
  1     0     1     2     2  2     1     5     2     2    -0.03911978    -0.01597058
  1     0     1     2     2  2     1     5     1     5     0.17486878     0.07138988
  1     0     1     2     2  2     1     8     1     8     0.08564351     0.02708286
  0     0     2     0     1  0     2     1     2     1     0.00270879     0.00191541
  0     0     2     0     1  0     2     2     2     2     0.00736306     0.00368153
  0     0     2     0     1  0     1     5     1     5     0.09342444     0.03814037
  0     0     2     0     1  0     1     8     1     8    -0.07809925    -0.02469715
  1     0     2     0     1  0     2     1     2     1    -0.02533318    -0.01791326
  1     0     2     0     1  0     2     2     2     2    -0.01520566    -0.00760283
  1     0     2     0     1  0     1     5     1     5    -0.03162240    -0.01290979
  1     0     2     0     1  0     1     8     1     8     0.04526529     0.01431414
  0     0     2     0     2  0     2     1     2     1     1.03946134     0.73501016
  0     0     2     0     2  0     2     2     2     2     1.89176662     0.94588331
  0     0     2     0     2  0     1     5     1     5     2.04391074     0.83442307
  0     0     2     0     2  0     1     8     1     8     1.81408147     0.57366293
  1     0     2     0     2  0     2     1     2     1     0.34056676     0.24081707
  1     0     2     0     2  0     2     2     2     2     0.68739179     0.34369589
  1     0     2     0     2  0     1     5     1     5     0.74275651     0.30322907
  1     0     2     0     2  0     1     8     1     8     0.10275777     0.03249486
  0     0     2     2     1  2     2     1     2     2     0.00130121     0.00092010
  0     0     2     2     1  2     2     1     1     5    -0.09588176    -0.06779864
  0     0     2     2     1  2     2     2     2     1     0.00513012     0.00256506
  0     0     2     2     1  2     2     2     2     2    -0.02865244    -0.01432622
  0     0     2     2     1  2     2     2     1     5    -0.02602770    -0.01301385
  0     0     2     2     1  2     1     5     2     1    -0.09184505    -0.03749559
  0     0     2     2     1  2     1     5     2     2     0.01685142     0.00687956
  0     0     2     2     1  2     1     5     1     5     0.15580548     0.06360732
  0     0     2     2     1  2     1     8     1     8     0.03002420     0.00949449
  0     0     2     2     1  2     1     8     1     5     0.00014433     0.00004564
  1     0     2     2     1  2     2     1     2     2     0.00214510     0.00151682
  1     0     2     2     1  2     2     1     1     5     0.10153090     0.07179319
  1     0     2     2     1  2     2     2     2     1     0.03470782     0.01735391
  1     0     2     2     1  2     2     2     2     2     0.06888317     0.03444159
  1     0     2     2     1  2     2     2     1     5     0.02405003     0.01202501
  1     0     2     2     1  2     1     5     1     8     0.00006458     0.00002636
  1     0     2     2     1  2     1     5     2     1     0.17661044     0.07210091
  1     0     2     2     1  2     1     5     2     2     0.02732601     0.01115580
  1     0     2     2     1  2     1     5     1     5    -0.06938897    -0.02832793
  1     0     2     2     1  2     1     8     1     8    -0.08352362    -0.02641249
  0     0     2     2     2  2     2     1     2     2    -0.14169136    -0.10019092
  0     0     2     2     2  2     2     1     1     5     0.25959346     0.18356029
  0     0     2     2     2  2     2     2     2     1     0.15495280     0.07747640
  0     0     2     2     2  2     2     2     2     2     0.03029565     0.01514783
  0     0     2     2     2  2     2     2     1     5     0.03398798     0.01699399
  0     0     2     2     2  2     1     5     2     1     0.16840233     0.06874996
  0     0     2     2     2  2     1     5     2     2    -0.04403640    -0.01797778
  0     0     2     2     2  2     1     5     1     5     0.39867995     0.16276041
  0     0     2     2     2  2     1     8     1     8     1.08461528     0.34298547
  0     0     2     2     2  2     1     8     1     5    -0.00009877    -0.00003123
  0     0     2     2     2  2     1     8     1     8     0.00001022     0.00000323
  1     0     2     2     2  2     2     1     2     2    -0.21792589    -0.15409687
  1     0     2     2     2  2     2     1     1     5     0.16464144     0.11641908
  1     0     2     2     2  2     2     2     2     1     0.21549053     0.10774527
  1     0     2     2     2  2     2     2     2     2     0.37354877     0.18677438
  1     0     2     2     2  2     2     2     1     5     0.11117474     0.05558737
  1     0     2     2     2  2     1     5     1     8    -0.00005863    -0.00002394
  1     0     2     2     2  2     1     5     2     1     0.36630330     0.14954270
  1     0     2     2     2  2     1     5     2     2    -0.10183689    -0.04157473
  1     0     2     2     2  2     1     5     1     5     0.74159564     0.30275515
  1     0     2     2     2  2     1     8     1     8     0.13181589     0.04168384
  0     2     1     0     1  2     2     1     2     2     0.18392622     0.13005548
  0     2     1     0     1  2     2     1     1     5    -0.31221165    -0.22076698
  0     2     1     0     1  2     2     2     2     1    -0.26427438    -0.13213719
  0     2     1     0     1  2     2     2     2     2    -0.05234237    -0.02617118
  0     2     1     0     1  2     2     2     1     5    -0.05882694    -0.02941347
  0     2     1     0     1  2     1     5     2     1    -0.36169797    -0.14766258
  0     2     1     0     1  2     1     5     2     2     0.04699629     0.01918615
  0     2     1     0     1  2     1     5     1     5    -0.45621533    -0.18624913
  0     2     1     0     1  2     1     8     1     8    -1.34192424    -0.42435371
  0     2     1     0     1  2     1     8     1     5     0.00003426     0.00001083
  1     2     1     0     1  2     2     1     2     2     0.30135113     0.21308743
  1     2     1     0     1  2     2     1     1     5    -0.30011050    -0.21221017
  1     2     1     0     1  2     2     2     2     1    -0.36073437    -0.18036719
  1     2     1     0     1  2     2     2     2     2    -0.70640057    -0.35320029
  1     2     1     0     1  2     2     2     1     5    -0.25984656    -0.12992328
  1     2     1     0     1  2     1     5     2     1    -0.37196549    -0.15185427
  1     2     1     0     1  2     1     5     2     2     0.26578977     0.10850822
  1     2     1     0     1  2     1     5     1     5    -1.01435815    -0.41410998
  1     2     1     0     1  2     1     8     1     8    -0.09989283    -0.03158889
  0     2     1     0     2  2     2     1     2     2    -0.00513012    -0.00362754
  0     2     1     0     2  2     2     1     1     5    -0.09184505    -0.06494426
  0     2     1     0     2  2     2     2     2     1    -0.00130121    -0.00065061
  0     2     1     0     2  2     2     2     2     2    -0.02865268    -0.01432634
  0     2     1     0     2  2     2     2     1     5    -0.01685142    -0.00842571
  0     2     1     0     2  2     1     5     2     1    -0.09588176    -0.03914357
  0     2     1     0     2  2     1     5     2     2     0.02602770     0.01062576
  0     2     1     0     2  2     1     5     1     5     0.15580548     0.06360732
  0     2     1     0     2  2     1     8     1     8     0.03002420     0.00949449
  0     2     1     0     2  2     1     8     1     5     0.00006458     0.00002042
  1     2     1     0     2  2     2     1     2     2    -0.03470782    -0.02454214
  1     2     1     0     2  2     2     1     1     5     0.17661044     0.12488244
  1     2     1     0     2  2     2     2     2     1    -0.00214510    -0.00107255
  1     2     1     0     2  2     2     2     2     2     0.06888325     0.03444162
  1     2     1     0     2  2     2     2     1     5    -0.02732625    -0.01366312
  1     2     1     0     2  2     1     5     1     8     0.00014433     0.00005892
  1     2     1     0     2  2     1     5     2     1     0.10153121     0.04144994
  1     2     1     0     2  2     1     5     2     2    -0.02404984    -0.00981831
  1     2     1     0     2  2     1     5     1     5    -0.06938920    -0.02832802
  1     2     1     0     2  2     1     8     1     8    -0.08352362    -0.02641249
  0     2     1     2     1  0     2     1     2     1     2.25095636     1.59166650
  0     2     1     2     1  0     2     2     2     2     4.23440977     2.11720489
  0     2     1     2     1  0     1     5     1     5     4.61226669     1.88294999
  0     2     1     2     1  0     1     8     1     8     4.05583903     1.28256892
  1     2     1     2     1  0     2     1     2     1     0.55697412     0.39384018
  1     2     1     2     1  0     2     2     2     2     1.54289018     0.77144509
  1     2     1     2     1  0     1     5     1     5     1.86120284     0.75983288
  1     2     1     2     1  0     1     8     1     8     0.16201834     0.05123470
  0     2     1     2     1  2     2     1     2     2     0.03557112     0.02515258
  0     2     1     2     1  2     2     1     1     5    -0.23847121    -0.16862461
  0     2     1     2     1  2     2     2     2     1    -0.03557112    -0.01778556
  0     2     1     2     1  2     2     2     2     2    -0.08520443    -0.04260221
  0     2     1     2     1  2     2     2     1     5    -0.07043681    -0.03521841
  0     2     1     2     1  2     1     5     2     1    -0.23847121    -0.09735547
  0     2     1     2     1  2     1     5     2     2     0.07043681     0.02875571
  0     2     1     2     1  2     1     5     1     5     0.11362205     0.04638601
  0     2     1     2     1  2     1     8     1     8     0.28383574     0.08975674
  0     2     1     2     1  2     1     8     1     5    -0.00003200    -0.00001012
  1     2     1     2     1  2     2     1     2     2    -0.29427004    -0.20808034
  1     2     1     2     1  2     2     1     1     5     0.37317839     0.26387697
  1     2     1     2     1  2     2     2     2     1     0.29427004     0.14713502
  1     2     1     2     1  2     2     2     2     2     0.16402874     0.08201437
  1     2     1     2     1  2     2     2     1     5    -0.03998162    -0.01999081
  1     2     1     2     1  2     1     5     1     8    -0.00003200    -0.00001306
  1     2     1     2     1  2     1     5     2     1     0.37317839     0.15234944
  1     2     1     2     1  2     1     5     2     2     0.03998162     0.01632243
  1     2     1     2     1  2     1     5     1     5    -0.11106119    -0.04534054
  1     2     1     2     1  2     1     8     1     8    -0.07015945    -0.02218637
  0     2     1     2     2  0     2     1     2     1     0.01306447     0.00923797
  0     2     1     2     2  0     2     2     2     2    -0.00556090    -0.00278045
  0     2     1     2     2  0     1     5     1     5    -0.15335531    -0.06260704
  0     2     1     2     2  0     1     8     1     8     0.11608243     0.03670849
  1     2     1     2     2  0     2     1     2     1     0.05931303     0.04194065
  1     2     1     2     2  0     2     2     2     2     0.04547480     0.02273740
  1     2     1     2     2  0     1     5     1     5     0.03277743     0.01338133
  1     2     1     2     2  0     1     8     1     8    -0.08067977    -0.02551318
  0     2     1     2     2  2     2     1     2     2    -0.31206139    -0.22066072
  0     2     1     2     2  2     2     1     1     5     0.35663047     0.25217582
  0     2     1     2     2  2     2     2     2     1     0.19119244     0.09559622
  0     2     1     2     2  2     2     2     2     2     0.06879498     0.03439749
  0     2     1     2     2  2     2     2     1     5     0.07037415     0.03518708
  0     2     1     2     2  2     1     5     2     1     0.43077561     0.17586341
  0     2     1     2     2  2     1     5     2     2    -0.07692809    -0.03140576
  0     2     1     2     2  2     1     5     1     5     0.55344931     0.22594473
  0     2     1     2     2  2     1     8     1     8     1.54199564     0.48762184
  0     2     1     2     2  2     1     8     1     5     0.00001216     0.00000385
  1     2     1     2     2  2     2     1     2     2    -0.43976616    -0.31096164
  1     2     1     2     2  2     2     1     1     5     0.55975503     0.39580657
  1     2     1     2     2  2     2     2     2     1     0.29116528     0.14558264
  1     2     1     2     2  2     2     2     2     2     0.72569379     0.36284690
  1     2     1     2     2  2     2     2     1     5     0.23474909     0.11737454
  1     2     1     2     2  2     1     5     1     8    -0.00002162    -0.00000883
  1     2     1     2     2  2     1     5     2     1     0.21620449     0.08826511
  1     2     1     2     2  2     1     5     2     2    -0.28265860    -0.11539489
  1     2     1     2     2  2     1     5     1     5     1.14047221     0.46559583
  1     2     1     2     2  2     1     8     1     8     0.13748300     0.04347594
  0     2     1     4     1  2     2     1     2     2     0.46626498     0.32969913
  0     2     1     4     1  2     2     1     1     5    -0.63737425    -0.45069166
  0     2     1     4     1  2     2     2     2     1    -0.24387273    -0.12193637
  0     2     1     4     1  2     2     2     2     2    -0.08168262    -0.04084131
  0     2     1     4     1  2     2     2     1     5    -0.05480750    -0.02740375
  0     2     1     4     1  2     1     5     2     1    -0.41044509    -0.16756351
  0     2     1     4     1  2     1     5     2     2     0.10443835     0.04263678
  0     2     1     4     1  2     1     5     1     5    -0.73927616    -0.30180823
  0     2     1     4     1  2     1     8     1     8    -2.16305159    -0.68401697
  0     2     1     4     1  2     1     8     1     5    -0.00002383    -0.00000754
  1     2     1     4     1  2     2     1     2     2     0.54798366     0.38748297
  1     2     1     4     1  2     2     1     1     5    -0.52516281    -0.37134619
  1     2     1     4     1  2     2     2     2     1    -0.45178632    -0.22589316
  1     2     1     4     1  2     2     2     2     2    -1.06240336    -0.53120168
  1     2     1     4     1  2     2     2     1     5    -0.40402245    -0.20201123
  1     2     1     4     1  2     1     5     1     8     0.00002681     0.00001095
  1     2     1     4     1  2     1     5     2     1    -0.52862968    -0.21581216
  1     2     1     4     1  2     1     5     2     2     0.35306280     0.14413728
  1     2     1     4     1  2     1     5     1     5    -1.53463519    -0.62651219
  1     2     1     4     1  2     1     8     1     8    -0.16474737    -0.05209769
  0     2     1     4     2  2     2     1     2     2     0.08476398     0.05993719
  0     2     1     4     2  2     2     1     1     5    -0.33559280    -0.23729995
  0     2     1     4     2  2     2     2     2     1     0.00041972     0.00020986
  0     2     1     4     2  2     2     2     2     2    -0.07320031    -0.03660016
  0     2     1     4     2  2     2     2     1     5    -0.04356468    -0.02178234
  0     2     1     4     2  2     1     5     2     1    -0.22309163    -0.09107678
  0     2     1     4     2  2     1     5     2     2     0.07634784     0.03116888
  0     2     1     4     2  2     1     5     1     5     0.17288188     0.07057873
  0     2     1     4     2  2     1     8     1     8    -0.04484981    -0.01418275
  0     2     1     4     2  2     1     8     1     5    -0.00013250    -0.00004190
  1     2     1     4     2  2     2     1     2     2    -0.24452901    -0.17290812
  1     2     1     4     2  2     2     1     1     5     0.37509695     0.26523360
  1     2     1     4     2  2     2     2     2     1     0.07929352     0.03964676
  1     2     1     4     2  2     2     2     2     2     0.18776793     0.09388396
  1     2     1     4     2  2     2     2     1     5    -0.00876998    -0.00438499
  1     2     1     4     2  2     1     5     1     8     0.00001060     0.00000433
  1     2     1     4     2  2     1     5     2     1     0.12899182     0.05266069
  1     2     1     4     2  2     1     5     2     2     0.04311620     0.01760211
  1     2     1     4     2  2     1     5     1     5    -0.24801415    -0.10125135
  1     2     1     4     2  2     1     8     1     8    -0.14048140    -0.04442412
  0     2     2     0     1  2     2     1     2     2    -0.03401267    -0.02405059
  0     2     2     0     1  2     2     1     1     5     0.21778479     0.15399711
  0     2     2     0     1  2     2     2     2     1     0.06943196     0.03471598
  0     2     2     0     1  2     2     2     2     2     0.06472338     0.03236169
  0     2     2     0     1  2     2     2     1     5     0.06293116     0.03146558
  0     2     2     0     1  2     1     5     2     1     0.26562995     0.10844297
  0     2     2     0     1  2     1     5     2     2    -0.04889620    -0.01996179
  0     2     2     0     1  2     1     5     1     5    -0.08269693    -0.03376088
  0     2     2     0     1  2     1     8     1     8    -0.03165959    -0.01001164
  0     2     2     0     1  2     1     8     1     5    -0.00002639    -0.00000834
  1     2     2     0     1  2     2     1     2     2     0.10807390     0.07641979
  1     2     2     0     1  2     2     1     1     5    -0.17654583    -0.12483675
  1     2     2     0     1  2     2     2     2     1    -0.19134430    -0.09567215
  1     2     2     0     1  2     2     2     2     2    -0.07586004    -0.03793002
  1     2     2     0     1  2     2     2     1     5     0.03911996     0.01955998
  1     2     2     0     1  2     1     5     1     8     0.00009126     0.00003726
  1     2     2     0     1  2     1     5     2     1    -0.29607324    -0.12087139
  1     2     2     0     1  2     1     5     2     2    -0.04955848    -0.02023216
  1     2     2     0     1  2     1     5     1     5     0.17486896     0.07138995
  1     2     2     0     1  2     1     8     1     8     0.08564351     0.02708286
  0     2     2     0     2  2     2     1     2     2    -0.15495280    -0.10956817
  0     2     2     0     2  2     2     1     1     5     0.16840233     0.11907843
  0     2     2     0     2  2     2     2     2     1     0.14169136     0.07084568
  0     2     2     0     2  2     2     2     2     2     0.03029532     0.01514766
  0     2     2     0     2  2     2     2     1     5     0.04403640     0.02201820
  0     2     2     0     2  2     1     5     2     1     0.25959346     0.10597859
  0     2     2     0     2  2     1     5     2     2    -0.03398798    -0.01387553
  0     2     2     0     2  2     1     5     1     5     0.39867995     0.16276041
  0     2     2     0     2  2     1     8     1     8     1.08461528     0.34298547
  0     2     2     0     2  2     1     8     1     5    -0.00005863    -0.00001854
  1     2     2     0     2  2     2     1     2     2    -0.21549053    -0.15237482
  1     2     2     0     2  2     2     1     1     5     0.36630330     0.25901555
  1     2     2     0     2  2     2     2     2     1     0.21792589     0.10896294
  1     2     2     0     2  2     2     2     2     2     0.37354887     0.18677443
  1     2     2     0     2  2     2     2     1     5     0.10183655     0.05091828
  1     2     2     0     2  2     1     5     1     8    -0.00009877    -0.00004032
  1     2     2     0     2  2     1     5     2     1     0.16464204     0.06721483
  1     2     2     0     2  2     1     5     2     2    -0.11117447    -0.04538679
  1     2     2     0     2  2     1     5     1     5     0.74159531     0.30275502
  1     2     2     0     2  2     1     8     1     8     0.00001022     0.00000323
  1     2     2     0     2  2     1     8     1     8     0.13181589     0.04168384
  0     2     2     2     1  0     2     1     2     1     0.01306447     0.00923797
  0     2     2     2     1  0     2     2     2     2    -0.00556090    -0.00278045
  0     2     2     2     1  0     1     5     1     5    -0.15335531    -0.06260704
  0     2     2     2     1  0     1     8     1     8     0.11608243     0.03670849
  1     2     2     2     1  0     2     1     2     1     0.05931303     0.04194065
  1     2     2     2     1  0     2     2     2     2     0.04547480     0.02273740
  1     2     2     2     1  0     1     5     1     5     0.03277743     0.01338133
  1     2     2     2     1  0     1     8     1     8    -0.08067977    -0.02551318
  0     2     2     2     1  2     2     1     2     2    -0.19119244    -0.13519347
  0     2     2     2     1  2     2     1     1     5     0.43077561     0.30460436
  0     2     2     2     1  2     2     2     2     1     0.31206139     0.15603069
  0     2     2     2     1  2     2     2     2     2     0.06879498     0.03439749
  0     2     2     2     1  2     2     2     1     5     0.07692809     0.03846404
  0     2     2     2     1  2     1     5     2     1     0.35663047     0.14559378
  0     2     2     2     1  2     1     5     2     2    -0.07037415    -0.02873013
  0     2     2     2     1  2     1     5     1     5     0.55344931     0.22594473
  0     2     2     2     1  2     1     8     1     8     1.54199564     0.48762184
  0     2     2     2     1  2     1     8     1     5    -0.00002162    -0.00000684
  1     2     2     2     1  2     2     1     2     2    -0.29116528    -0.20588494
  1     2     2     2     1  2     2     1     1     5     0.21620449     0.15287966
  1     2     2     2     1  2     2     2     2     1     0.43976616     0.21988308
  1     2     2     2     1  2     2     2     2     2     0.72569379     0.36284690
  1     2     2     2     1  2     2     2     1     5     0.28265860     0.14132930
  1     2     2     2     1  2     1     5     1     8     0.00001216     0.00000497
  1     2     2     2     1  2     1     5     2     1     0.55975503     0.22851903
  1     2     2     2     1  2     1     5     2     2    -0.23474909    -0.09583591
  1     2     2     2     1  2     1     5     1     5     1.14047221     0.46559583
  1     2     2     2     1  2     1     8     1     8     0.13748300     0.04347594
  0     2     2     2     2  0     2     1     2     1     2.26472522     1.60140256
  0     2     2     2     2  0     2     2     2     2     4.22731449     2.11365724
  0     2     2     2     2  0     1     5     1     5     4.60836356     1.88135654
  0     2     2     2     2  0     1     8     1     8     4.05674748     1.28285619
  1     2     2     2     2  0     2     1     2     1     0.64621712     0.45694450
  1     2     2     2     2  0     2     2     2     2     1.50596547     0.75298273
  1     2     2     2     2  0     1     5     1     5     1.79098435     0.73116630
  1     2     2     2     2  0     1     8     1     8     0.19976053     0.06316983
  0     2     2     2     2  2     2     1     2     2    -0.00524105    -0.00370598
  0     2     2     2     2  2     2     1     1     5    -0.02925750    -0.02068818
  0     2     2     2     2  2     2     2     2     1     0.00524105     0.00262053
  0     2     2     2     2  2     2     2     2     2    -0.00597059    -0.00298529
  0     2     2     2     2  2     2     2     1     5    -0.00839572    -0.00419786
  0     2     2     2     2  2     1     5     2     1    -0.02925750    -0.01194433
  0     2     2     2     2  2     1     5     2     2     0.00839572     0.00342754
  0     2     2     2     2  2     1     5     1     5     0.10284789     0.04198747
  0     2     2     2     2  2     1     8     1     8    -0.22342187    -0.07065220
  0     2     2     2     2  2     1     8     1     5     0.00014307     0.00004524
  1     2     2     2     2  2     2     1     2     2     0.14006628     0.09904182
  1     2     2     2     2  2     2     1     1     5    -0.05103696    -0.03608858
  1     2     2     2     2  2     2     2     2     1    -0.14006628    -0.07003314
  1     2     2     2     2  2     2     2     2     2    -0.00067665    -0.00033832
  1     2     2     2     2  2     2     2     1     5     0.01551352     0.00775676
  1     2     2     2     2  2     1     5     1     8     0.00014307     0.00005841
  1     2     2     2     2  2     1     5     2     1    -0.05103696    -0.02083575
  1     2     2     2     2  2     1     5     2     2    -0.01551352    -0.00633337
  1     2     2     2     2  2     1     5     1     5    -0.07813111    -0.03189689
  1     2     2     2     2  2     1     8     1     8    -0.10585413    -0.03347402
  0     2     2     4     1  2     2     1     2     2    -0.06542831    -0.04626481
  0     2     2     4     1  2     2     1     1     5     0.25423453     0.17977096
  0     2     2     4     1  2     2     2     2     1     0.01714830     0.00857415
  0     2     2     4     1  2     2     2     2     2     0.07482487     0.03741243
  0     2     2     4     1  2     2     2     1     5     0.05332467     0.02666234
  0     2     2     4     1  2     1     5     2     1     0.17971508     0.07336837
  0     2     2     4     1  2     1     5     2     2    -0.05578096    -0.02277248
  0     2     2     4     1  2     1     5     1     5    -0.17783675    -0.07260155
  0     2     2     4     1  2     1     8     1     8    -0.10612072    -0.03355832
  0     2     2     4     1  2     1     8     1     5    -0.00006590    -0.00002084
  1     2     2     4     1  2     2     1     2     2     0.15107311     0.10682482
  1     2     2     4     1  2     2     1     1     5    -0.29431798    -0.20811424
  1     2     2     4     1  2     2     2     2     1    -0.09500849    -0.04750425
  1     2     2     4     1  2     2     2     2     2    -0.08035282    -0.04017641
  1     2     2     4     1  2     2     2     1     5     0.03171669     0.01585835
  1     2     2     4     1  2     1     5     1     8    -0.00009495    -0.00003876
  1     2     2     4     1  2     1     5     2     1    -0.23528273    -0.09605377
  1     2     2     4     1  2     1     5     2     2    -0.09007037    -0.03677107
  1     2     2     4     1  2     1     5     1     5     0.17461361     0.07128571
  1     2     2     4     1  2     1     8     1     8     0.12019845     0.03801009
  0     2     2     4     2  2     2     1     2     2    -0.42465197    -0.30027429
  0     2     2     4     2  2     2     1     1     5     0.56264407     0.39784944
  0     2     2     4     2  2     2     1     2     2     0.00001420     0.00001004
  0     2     2     4     2  2     2     2     2     1     0.19146274     0.09573137
  0     2     2     4     2  2     2     2     2     2     0.07472116     0.03736058
  0     2     2     4     2  2     2     2     1     5     0.04682320     0.02341160
  0     2     2     4     2  2     1     5     2     1     0.34741092     0.14182991
  0     2     2     4     2  2     1     5     2     2    -0.09770440    -0.03988766
  0     2     2     4     2  2     1     5     1     5     0.67403324     0.27517292
  0     2     2     4     2  2     1     8     1     8     1.91043256     0.60413182
  0     2     2     4     2  2     1     8     1     5     0.00005440     0.00001720
  0     2     2     4     2  2     1     8     1     8     0.00002246     0.00000710
  1     2     2     4     2  2     2     1     2     2    -0.47025412    -0.33251988
  1     2     2     4     2  2     2     1     1     5     0.44392893     0.31390516
  1     2     2     4     2  2     2     2     2     1     0.31029481     0.15514741
  1     2     2     4     2  2     2     2     2     2     0.78136083     0.39068041
  1     2     2     4     2  2     2     2     1     5     0.26702311     0.13351156
  1     2     2     4     2  2     1     5     1     8    -0.00009794    -0.00003998
  1     2     2     4     2  2     1     5     2     1     0.41732806     0.17037347
  1     2     2     4     2  2     1     5     2     2    -0.24258747    -0.09903592
  1     2     2     4     2  2     1     5     1     5     1.33212865     0.54383925
  1     2     2     4     2  2     1     8     1     8     0.21178618     0.06697267
  0     4     1     2     1  2     2     1     2     2     0.24387273     0.17244406
  0     4     1     2     1  2     2     1     1     5    -0.41044509    -0.29022851
  0     4     1     2     1  2     2     2     2     1    -0.46626507    -0.23313254
  0     4     1     2     1  2     2     2     2     2    -0.08168262    -0.04084131
  0     4     1     2     1  2     2     2     1     5    -0.10443835    -0.05221918
  0     4     1     2     1  2     1     5     2     1    -0.63737425    -0.26020695
  0     4     1     2     1  2     1     5     2     2     0.05480750     0.02237507
  0     4     1     2     1  2     1     5     1     5    -0.73927616    -0.30180823
  0     4     1     2     1  2     1     8     1     8    -2.16305159    -0.68401697
  0     4     1     2     1  2     1     8     1     5     0.00002681     0.00000848
  1     4     1     2     1  2     2     1     2     2     0.45178632     0.31946117
  1     4     1     2     1  2     2     1     1     5    -0.52862968    -0.37379763
  1     4     1     2     1  2     2     2     2     1    -0.54798374    -0.27399187
  1     4     1     2     1  2     2     2     2     2    -1.06240352    -0.53120176
  1     4     1     2     1  2     2     2     1     5    -0.35306280    -0.17653140
  1     4     1     2     1  2     1     5     1     8    -0.00002383    -0.00000973
  1     4     1     2     1  2     1     5     2     1    -0.52516263    -0.21439675
  1     4     1     2     1  2     1     5     2     2     0.40402235     0.16494143
  1     4     1     2     1  2     1     5     1     5    -1.53463534    -0.62651225
  1     4     1     2     1  2     1     8     1     8    -0.16474737    -0.05209769
  0     4     1     2     2  2     2     1     2     2    -0.01714830    -0.01212568
  0     4     1     2     2  2     2     1     1     5     0.17971508     0.12707775
  0     4     1     2     2  2     2     2     2     1     0.06542819     0.03271409
  0     4     1     2     2  2     2     2     2     2     0.07482487     0.03741243
  0     4     1     2     2  2     2     2     1     5     0.05578096     0.02789048
  0     4     1     2     2  2     1     5     2     1     0.25423453     0.10379081
  0     4     1     2     2  2     1     5     2     2    -0.05332467    -0.02176971
  0     4     1     2     2  2     1     5     1     5    -0.17783675    -0.07260155
  0     4     1     2     2  2     1     8     1     8    -0.10612071    -0.03355831
  0     4     1     2     2  2     1     8     1     5    -0.00009495    -0.00003002
  1     4     1     2     2  2     2     1     2     2     0.09500849     0.06718115
  1     4     1     2     2  2     2     1     1     5    -0.23528273    -0.16637002
  1     4     1     2     2  2     2     2     2     1    -0.15107288    -0.07553644
  1     4     1     2     2  2     2     2     2     2    -0.08035305    -0.04017652
  1     4     1     2     2  2     2     2     1     5     0.09007037     0.04503518
  1     4     1     2     2  2     1     5     1     8    -0.00006590    -0.00002690
  1     4     1     2     2  2     1     5     2     1    -0.29431772    -0.12015471
  1     4     1     2     2  2     1     5     2     2    -0.03171689    -0.01294837
  1     4     1     2     2  2     1     5     1     5     0.17461360     0.07128570
  1     4     1     2     2  2     1     8     1     8     0.12019845     0.03801009
  0     4     1     4     1  0     2     1     2     1     3.01992175     2.13540715
  0     4     1     4     1  0     2     2     2     2     5.65427065     2.82713532
  0     4     1     4     1  0     1     5     1     5     6.12117097     2.49895758
  0     4     1     4     1  0     1     8     1     8     5.51027147     1.74250084
  1     4     1     4     1  0     2     1     2     1     0.80364312     0.56826150
  1     4     1     4     1  0     2     2     2     2     2.04844138     1.02422069
  1     4     1     4     1  0     1     5     1     5     2.47282030     1.00952466
  1     4     1     4     1  0     1     8     1     8     0.22463093     0.07103454
  0     4     1     4     1  2     2     1     2     2     0.05833468     0.04124885
  0     4     1     4     1  2     2     1     1     5    -0.33167722    -0.23453121
  0     4     1     4     1  2     2     2     2     1    -0.05833468    -0.02916734
  0     4     1     4     1  2     2     2     2     2    -0.15131182    -0.07565591
  0     4     1     4     1  2     2     2     1     5    -0.12993456    -0.06496728
  0     4     1     4     1  2     1     5     2     1    -0.33167722    -0.13540666
  0     4     1     4     1  2     1     5     2     2     0.12993456     0.05304556
  0     4     1     4     1  2     1     5     1     5     0.10536267     0.04301413
  0     4     1     4     1  2     1     8     1     8     0.43436055     0.13735687
  0     4     1     4     1  2     1     8     1     5    -0.00006447    -0.00002039
  1     4     1     4     1  2     2     1     2     2    -0.44024994    -0.31130372
  1     4     1     4     1  2     2     1     1     5     0.47600901     0.33658920
  1     4     1     4     1  2     2     2     2     1     0.44024994     0.22012497
  1     4     1     4     1  2     2     2     2     2     0.23477079     0.11738540
  1     4     1     4     1  2     2     2     1     5    -0.04823712    -0.02411856
  1     4     1     4     1  2     1     5     1     8    -0.00006447    -0.00002632
  1     4     1     4     1  2     1     5     2     1     0.47600901     0.19432987
  1     4     1     4     1  2     1     5     2     2     0.04823712     0.01969272
  1     4     1     4     1  2     1     5     1     5    -0.09407757    -0.03840701
  1     4     1     4     1  2     1     8     1     8    -0.09941390    -0.03143744
  0     4     1     4     2  0     2     1     2     1    -0.02379964    -0.01682889
  0     4     1     4     2  0     2     2     2     2    -0.00855216    -0.00427608
  0     4     1     4     2  0     1     5     1     5     0.21752203     0.08880299
  0     4     1     4     2  0     1     8     1     8    -0.15202752    -0.04807532
  1     4     1     4     2  0     2     1     2     1    -0.14088641    -0.09962173
  1     4     1     4     2  0     2     2     2     2    -0.10302635    -0.05151318
  1     4     1     4     2  0     1     5     1     5     0.00070595     0.00028820
  1     4     1     4     2  0     1     8     1     8     0.12765367     0.04036763
  0     4     1     4     2  2     2     1     2     2     0.36933838     0.26116167
  0     4     1     4     2  2     2     1     1     5    -0.42626053    -0.30141171
  0     4     1     4     2  2     2     2     2     1    -0.23025136    -0.11512568
  0     4     1     4     2  2     2     2     2     2    -0.09119736    -0.04559868
  0     4     1     4     2  2     2     2     1     5    -0.09923631    -0.04961816
  0     4     1     4     2  2     1     5     2     1    -0.50632728    -0.20670725
  0     4     1     4     2  2     1     5     2     2     0.10830111     0.04421374
  0     4     1     4     2  2     1     5     1     5    -0.71263099    -0.29093038
  0     4     1     4     2  2     1     8     1     8    -1.84159602    -0.58236380
  0     4     1     4     2  2     1     8     1     5    -0.00002070    -0.00000655
  0     4     1     4     2  2     1     8     1     8     0.00001475     0.00000466
  1     4     1     4     2  2     2     1     2     2     0.50888678     0.35983729
  1     4     1     4     2  2     2     1     1     5    -0.65261879    -0.46147117
  1     4     1     4     2  2     2     2     2     1    -0.36409498    -0.18204749
  1     4     1     4     2  2     2     2     2     2    -0.73274684    -0.36637342
  1     4     1     4     2  2     2     2     1     5    -0.20814902    -0.10407451
  1     4     1     4     2  2     1     5     2     1     0.00001030     0.00000420
  1     4     1     4     2  2     1     5     1     8     0.00021095     0.00008612
  1     4     1     4     2  2     1     5     2     1    -0.31526606    -0.12870683
  1     4     1     4     2  2     1     5     2     2     0.24401396     0.09961828
  1     4     1     4     2  2     1     5     1     5    -1.22016798    -0.49813149
  1     4     1     4     2  2     1     8     1     8     0.00001365     0.00000432
  1     4     1     4     2  2     1     8     1     8    -0.17492918    -0.05531746
  0     4     1     6     1  2     2     1     2     2     0.65960808     0.46641334
  0     4     1     6     1  2     2     1     1     5    -0.88910940    -0.62869529
  0     4     1     6     1  2     2     1     2     2    -0.00001180    -0.00000835
  0     4     1     6     1  2     2     2     2     1    -0.23684153    -0.11842076
  0     4     1     6     1  2     2     2     2     2    -0.09584468    -0.04792234
  0     4     1     6     1  2     2     2     1     5    -0.02954871    -0.01477436
  0     4     1     6     1  2     1     5     2     1    -0.41626344    -0.16993884
  0     4     1     6     1  2     1     5     2     2     0.13888559     0.05669981
  0     4     1     6     1  2     1     5     1     5    -0.96766999    -0.39504962
  0     4     1     6     1  2     1     8     1     8    -2.83564018    -0.89670816
  0     4     1     6     1  2     1     8     1     5    -0.00014732    -0.00004659
  0     4     1     6     1  2     1     8     1     8    -0.00001824    -0.00000577
  1     4     1     6     1  2     2     1     2     2     0.63818766     0.45126682
  1     4     1     6     1  2     2     1     1     5    -0.56913555    -0.40243961
  1     4     1     6     1  2     2     2     2     1     0.00001896     0.00000948
  1     4     1     6     1  2     2     2     2     1    -0.56544873    -0.28272436
  1     4     1     6     1  2     2     2     2     2    -1.25741067    -0.62870533
  1     4     1     6     1  2     2     2     1     5    -0.47424566    -0.23712283
  1     4     1     6     1  2     1     5     2     1    -0.00001584    -0.00000647
  1     4     1     6     1  2     1     5     1     8    -0.00011661    -0.00004761
  1     4     1     6     1  2     1     5     2     1    -0.75930681    -0.30998571
  1     4     1     6     1  2     1     5     2     2     0.37847200     0.15451055
  1     4     1     6     1  2     1     5     1     5    -1.92703274    -0.78670782
  1     4     1     6     1  2     1     8     1     8    -0.00001469    -0.00000464
  1     4     1     6     1  2     1     8     1     8    -0.21804780    -0.06895277
  0     4     1     6     2  2     2     1     2     2    -0.14793562    -0.10460628
  0     4     1     6     2  2     2     1     1     5     0.46517015     0.32892496
  0     4     1     6     2  2     2     2     2     1     0.01512675     0.00756337
  0     4     1     6     2  2     2     2     2     2     0.09377666     0.04688833
  0     4     1     6     2  2     2     2     1     5     0.06520766     0.03260383
  0     4     1     6     2  2     1     5     2     1     0.25892585     0.10570604
  0     4     1     6     2  2     1     5     2     2    -0.10590566    -0.04323581
  0     4     1     6     2  2     1     5     1     5    -0.22278388    -0.09095114
  0     4     1     6     2  2     1     8     1     8    -0.00008159    -0.00002580
  0     4     1     6     2  2     1     8     1     5     0.00023948     0.00007573
  1     4     1     6     2  2     2     1     2     2     0.20608288     0.14572260
  1     4     1     6     2  2     2     1     1     5    -0.40889524    -0.28913260
  1     4     1     6     2  2     2     2     2     1     0.04680988     0.02340494
  1     4     1     6     2  2     2     2     2     2    -0.09048565    -0.04524282
  1     4     1     6     2  2     2     2     1     5     0.03587457     0.01793728
  1     4     1     6     2  2     1     5     1     8     0.00003270     0.00001335
  1     4     1     6     2  2     1     5     2     1    -0.07756505    -0.03166580
  1     4     1     6     2  2     1     5     2     2    -0.10582167    -0.04320151
  1     4     1     6     2  2     1     5     1     5     0.24470415     0.09990005
  1     4     1     6     2  2     1     8     1     8     0.00001366     0.00000432
  1     4     1     6     2  2     1     8     1     8     0.19598130     0.06197473
  0     4     2     2     1  2     2     1     2     2    -0.00041972    -0.00029679
  0     4     2     2     1  2     2     1     1     5    -0.22309163    -0.15774960
  0     4     2     2     1  2     2     2     2     1    -0.08476384    -0.04238192
  0     4     2     2     1  2     2     2     2     2    -0.07320031    -0.03660016
  0     4     2     2     1  2     2     2     1     5    -0.07634784    -0.03817392
  0     4     2     2     1  2     1     5     2     1    -0.33559280    -0.13700519
  0     4     2     2     1  2     1     5     2     2     0.04356468     0.01778520
  0     4     2     2     1  2     1     5     1     5     0.17288188     0.07057873
  0     4     2     2     1  2     1     8     1     8    -0.04484973    -0.01418273
  0     4     2     2     1  2     1     8     1     5     0.00001060     0.00000335
  1     4     2     2     1  2     2     1     2     2    -0.07929352    -0.05606899
  1     4     2     2     1  2     2     1     1     5     0.12899182     0.09121099
  1     4     2     2     1  2     2     2     2     1     0.24452885     0.12226442
  1     4     2     2     1  2     2     2     2     2     0.18776765     0.09388382
  1     4     2     2     1  2     2     2     1     5    -0.04311620    -0.02155810
  1     4     2     2     1  2     1     5     1     8    -0.00013250    -0.00005409
  1     4     2     2     1  2     1     5     2     1     0.37509630     0.15313242
  1     4     2     2     1  2     1     5     2     2     0.00876979     0.00358025
  1     4     2     2     1  2     1     5     1     5    -0.24801411    -0.10125134
  1     4     2     2     1  2     1     8     1     8    -0.14048140    -0.04442412
  0     4     2     2     2  2     2     1     2     2    -0.19146274    -0.13538460
  0     4     2     2     2  2     2     1     1     5     0.34741092     0.24565662
  0     4     2     2     2  2     2     2     2     1     0.42465217     0.21232609
  0     4     2     2     2  2     2     2     2     2     0.07472116     0.03736058
  0     4     2     2     2  2     2     2     1     5     0.09770440     0.04885220
  0     4     2     2     2  2     1     5     2     1     0.56264407     0.22969848
  0     4     2     2     2  2     1     5     2     2    -0.04682320    -0.01911549
  0     4     2     2     2  2     1     5     1     5     0.67403324     0.27517292
  0     4     2     2     2  2     1     8     1     8     1.91043212     0.60413168
  0     4     2     2     2  2     1     8     1     5    -0.00009794    -0.00003097
  1     4     2     2     2  2     2     1     2     2    -0.31029481    -0.21941157
  1     4     2     2     2  2     2     1     1     5     0.41732806     0.29509550
  1     4     2     2     2  2     2     2     2     1    -0.00001420    -0.00000710
  1     4     2     2     2  2     2     2     2     1     0.47025468     0.23512734
  1     4     2     2     2  2     2     2     2     2     0.78136043     0.39068021
  1     4     2     2     2  2     2     2     1     5     0.24258747     0.12129374
  1     4     2     2     2  2     1     5     1     8     0.00005440     0.00002221
  1     4     2     2     2  2     1     5     2     1     0.44392799     0.18123284
  1     4     2     2     2  2     1     5     2     2    -0.26702347    -0.10901188
  1     4     2     2     2  2     1     5     1     5     1.33212906     0.54383941
  1     4     2     2     2  2     1     8     1     8     0.00002246     0.00000710
  1     4     2     2     2  2     1     8     1     8     0.21178618     0.06697267
  0     4     2     4     1  0     2     1     2     1    -0.02379964    -0.01682889
  0     4     2     4     1  0     2     2     2     2    -0.00855216    -0.00427608
  0     4     2     4     1  0     1     5     1     5     0.21752203     0.08880299
  0     4     2     4     1  0     1     8     1     8    -0.15202752    -0.04807532
  1     4     2     4     1  0     2     1     2     1    -0.14088641    -0.09962173
  1     4     2     4     1  0     2     2     2     2    -0.10302635    -0.05151318
  1     4     2     4     1  0     1     5     1     5     0.00070595     0.00028820
  1     4     2     4     1  0     1     8     1     8     0.12765367     0.04036763
  0     4     2     4     1  2     2     1     2     2     0.23025136     0.16281229
  0     4     2     4     1  2     2     1     1     5    -0.50632728    -0.35802745
  0     4     2     4     1  2     2     1     1     5     0.00001030     0.00000728
  0     4     2     4     1  2     2     2     2     1    -0.36933838    -0.18466919
  0     4     2     4     1  2     2     2     2     2    -0.09119736    -0.04559868
  0     4     2     4     1  2     2     2     1     5    -0.10830111    -0.05415056
  0     4     2     4     1  2     1     5     2     1    -0.42626053    -0.17402013
  0     4     2     4     1  2     1     5     2     2     0.09923631     0.04051305
  0     4     2     4     1  2     1     5     1     5    -0.71263099    -0.29093038
  0     4     2     4     1  2     1     8     1     8    -1.84159602    -0.58236380
  0     4     2     4     1  2     1     8     1     5     0.00021095     0.00006671
  0     4     2     4     1  2     1     8     1     8     0.00001365     0.00000432
  1     4     2     4     1  2     2     1     2     2     0.36409498     0.25745403
  1     4     2     4     1  2     2     1     1     5    -0.31526606    -0.22292677
  1     4     2     4     1  2     2     2     2     1    -0.50888678    -0.25444339
  1     4     2     4     1  2     2     2     2     2    -0.73274684    -0.36637342
  1     4     2     4     1  2     2     2     1     5    -0.24401396    -0.12200698
  1     4     2     4     1  2     1     5     1     8    -0.00002070    -0.00000845
  1     4     2     4     1  2     1     5     2     1    -0.65261879    -0.26643051
  1     4     2     4     1  2     1     5     2     2     0.20814902     0.08497648
  1     4     2     4     1  2     1     5     1     5    -1.22016798    -0.49813149
  1     4     2     4     1  2     1     8     1     8     0.00001475     0.00000466
  1     4     2     4     1  2     1     8     1     8    -0.17492918    -0.05531746
  0     4     2     4     2  0     2     1     2     1     3.00349458     2.12379138
  0     4     2     4     2  0     2     2     2     2     5.63005722     2.81502861
  0     4     2     4     2  0     1     5     1     5     6.08458933     2.48402319
  0     4     2     4     2  0     1     8     1     8     5.56079902     1.75847905
  1     4     2     4     2  0     2     1     2     1     0.91898568     0.64982100
  1     4     2     4     2  0     2     2     2     2     1.97350895     0.98675447
  1     4     2     4     2  0     1     5     1     5     2.39567505     0.97803024
  1     4     2     4     2  0     1     8     1     8     0.28016741     0.08859671
  0     4     2     4     2  2     2     1     2     2     0.01433120     0.01013369
  0     4     2     4     2  2     2     1     1     5    -0.11970717    -0.08464575
  0     4     2     4     2  2     2     1     1     5     0.00001299     0.00000919
  0     4     2     4     2  2     2     2     2     1    -0.01433120    -0.00716560
  0     4     2     4     2  2     2     2     2     2    -0.08780521    -0.04390260
  0     4     2     4     2  2     2     2     1     5    -0.07265174    -0.03632587
  0     4     2     4     2  2     2     2     1     5    -0.00001217    -0.00000608
  0     4     2     4     2  2     1     5     2     1    -0.11970717    -0.04887025
  0     4     2     4     2  2     1     5     2     2     0.07265174     0.02965995
  0     4     2     4     2  2     1     5     1     5     0.08624943     0.03521118
  0     4     2     4     2  2     1     8     1     8    -0.19635561    -0.06209310
  0     4     2     4     2  2     1     8     1     5     0.00054409     0.00017206
  0     4     2     4     2  2     1     8     1     8     0.00002182     0.00000690
  1     4     2     4     2  2     2     1     2     2    -0.02630553    -0.01860082
  1     4     2     4     2  2     2     1     1     5     0.08801090     0.06223311
  1     4     2     4     2  2     2     2     2     1     0.02630553     0.01315277
  1     4     2     4     2  2     2     2     2     2     0.04777997     0.02388999
  1     4     2     4     2  2     2     2     1     5    -0.01833217    -0.00916608
  1     4     2     4     2  2     1     5     2     1     0.00001299     0.00000530
  1     4     2     4     2  2     1     5     2     2     0.00001217     0.00000497
  1     4     2     4     2  2     1     5     1     8     0.00054409     0.00022212
  1     4     2     4     2  2     1     5     2     1     0.08801090     0.03593030
  1     4     2     4     2  2     1     5     2     2     0.01833217     0.00748408
  1     4     2     4     2  2     1     5     1     5    -0.09102998    -0.03716283
  1     4     2     4     2  2     1     5     1     8    -0.00001366    -0.00000558
  1     4     2     4     2  2     1     8     1     8     0.00002182     0.00000690
  1     4     2     4     2  2     1     8     1     5    -0.00001366    -0.00000432
  1     4     2     4     2  2     1     8     1     8    -0.15847949    -0.05011562
  0     4     2     6     1  2     2     1     2     2     0.07194909     0.05087569
  0     4     2     6     1  2     2     1     1     5    -0.24816681    -0.17548044
  0     4     2     6     1  2     2     1     2     2    -0.00001298    -0.00000918
  0     4     2     6     1  2     2     2     2     1     0.07029826     0.03514913
  0     4     2     6     1  2     2     2     2     2    -0.08260923    -0.04130461
  0     4     2     6     1  2     2     2     1     5    -0.02787364    -0.01393682
  0     4     2     6     1  2     2     2     1     5     0.00001365     0.00000683
  0     4     2     6     1  2     1     5     2     1    -0.11401872    -0.04654795
  0     4     2     6     1  2     1     5     2     2     0.06357125     0.02595285
  0     4     2     6     1  2     1     5     1     5     0.28789968     0.11753455
  0     4     2     6     1  2     1     5     1     8    -0.00001061    -0.00000433
  0     4     2     6     1  2     1     8     1     8     0.05692857     0.01800239
  0     4     2     6     1  2     1     8     1     5    -0.00017577    -0.00005558
  0     4     2     6     1  2     1     8     1     8    -0.00003887    -0.00001229
  1     4     2     6     1  2     2     1     2     2    -0.00001185    -0.00000838
  1     4     2     6     1  2     2     1     2     2    -0.28974449    -0.20488029
  1     4     2     6     1  2     2     1     1     5     0.40449008     0.28601768
  1     4     2     6     1  2     2     2     2     1     0.21036568     0.10518284
  1     4     2     6     1  2     2     2     2     2     0.30418662     0.15209331
  1     4     2     6     1  2     2     2     1     5     0.08498544     0.04249272
  1     4     2     6     1  2     1     5     2     1    -0.00001839    -0.00000751
  1     4     2     6     1  2     1     5     1     8    -0.00003843    -0.00001569
  1     4     2     6     1  2     1     5     2     1     0.22724806     0.09277363
  1     4     2     6     1  2     1     5     2     2     0.06341496     0.02588905
  1     4     2     6     1  2     1     5     1     5    -0.54667210    -0.22317795
  1     4     2     6     1  2     1     8     1     8     0.00001132     0.00000358
  1     4     2     6     1  2     1     8     1     8    -0.16362404    -0.05174246
  0     4     2     6     2  2     2     1     2     2    -0.68076746    -0.48137529
  0     4     2     6     2  2     2     1     1     5     0.84109389     0.59474320
  0     4     2     6     2  2     2     1     1     5     0.00001477     0.00001045
  0     4     2     6     2  2     2     2     2     1     0.26011559     0.13005779
  0     4     2     6     2  2     2     2     2     2     0.12517411     0.06258705
  0     4     2     6     2  2     2     2     1     5     0.08804588     0.04402294
  0     4     2     6     2  2     1     5     2     1     0.44106794     0.18006523
  0     4     2     6     2  2     1     5     2     2    -0.17893857    -0.07305137
  0     4     2     6     2  2     1     5     1     5     0.90250973     0.36844806
  0     4     2     6     2  2     1     8     1     8     2.09387008     0.66213986
  0     4     2     6     2  2     1     8     1     5     0.00028774     0.00009099
  0     4     2     6     2  2     1     8     1     8     0.00001702     0.00000538
  1     4     2     6     2  2     2     1     2     2    -0.58744812    -0.41538855
  1     4     2     6     2  2     2     1     1     5     0.50024367     0.35372569
  1     4     2     6     2  2     2     2     2     1     0.00003768     0.00001884
  1     4     2     6     2  2     2     2     2     2     0.00002092     0.00001046
  1     4     2     6     2  2     2     2     1     5    -0.00002642    -0.00001321
  1     4     2     6     2  2     2     2     2     1     0.45202458     0.22601229
  1     4     2     6     2  2     2     2     2     2     1.09962644     0.54981322
  1     4     2     6     2  2     2     2     1     5     0.43187600     0.21593800
  1     4     2     6     2  2     1     5     1     8    -0.00016528    -0.00006748
  1     4     2     6     2  2     1     5     2     1     0.54317493     0.22175024
  1     4     2     6     2  2     1     5     2     2    -0.35267804    -0.14398021
  1     4     2     6     2  2     1     5     1     5     1.35492831     0.55314717
  1     4     2     6     2  2     1     8     1     8    -0.00002746    -0.00000868
  1     4     2     6     2  2     1     8     1     8     0.28893920     0.09137060
  0     6     1     4     1  2     2     1     2     2     0.23684153     0.16747225
  0     6     1     4     1  2     2     1     1     5    -0.41626344    -0.29434270
  0     6     1     4     1  2     2     1     2     2    -0.00001896    -0.00001341
  0     6     1     4     1  2     2     1     1     5    -0.00001584    -0.00001120
  0     6     1     4     1  2     2     2     2     1    -0.65960808    -0.32980404
  0     6     1     4     1  2     2     2     2     2    -0.09584468    -0.04792234
  0     6     1     4     1  2     2     2     1     5    -0.13888559    -0.06944280
  0     6     1     4     1  2     1     5     2     1    -0.88910983    -0.36297757
  0     6     1     4     1  2     1     5     2     2     0.02954871     0.01206321
  0     6     1     4     1  2     1     5     1     5    -0.96766999    -0.39504962
  0     6     1     4     1  2     1     8     1     8    -2.83564099    -0.89670842
  0     6     1     4     1  2     1     8     1     5    -0.00011661    -0.00003688
  0     6     1     4     1  2     1     8     1     8    -0.00001469    -0.00000464
  1     6     1     4     1  2     2     1     2     2     0.56544873     0.39983263
  1     6     1     4     1  2     2     1     1     5    -0.75930681    -0.53691100
  1     6     1     4     1  2     2     2     2     1     0.00001180     0.00000590
  1     6     1     4     1  2     2     2     2     1    -0.63818766    -0.31909383
  1     6     1     4     1  2     2     2     2     2    -1.25741065    -0.62870533
  1     6     1     4     1  2     2     2     1     5    -0.37847200    -0.18923600
  1     6     1     4     1  2     1     5     1     8    -0.00014732    -0.00006014
  1     6     1     4     1  2     1     5     2     1    -0.56913555    -0.23234862
  1     6     1     4     1  2     1     5     2     2     0.47424566     0.19360998
  1     6     1     4     1  2     1     5     1     5    -1.92703274    -0.78670782
  1     6     1     4     1  2     1     8     1     8    -0.00001824    -0.00000577
  1     6     1     4     1  2     1     8     1     8    -0.21804780    -0.06895277
  0     6     1     4     2  2     2     1     2     2    -0.07029826    -0.04970838
  0     6     1     4     2  2     2     1     1     5    -0.11401872    -0.08062341
  0     6     1     4     2  2     2     1     1     5    -0.00001839    -0.00001300
  0     6     1     4     2  2     2     2     2     1    -0.07194909    -0.03597455
  0     6     1     4     2  2     2     2     2     2    -0.08260923    -0.04130461
  0     6     1     4     2  2     2     2     1     5    -0.06357125    -0.03178563
  0     6     1     4     2  2     2     2     2     1     0.00001185     0.00000592
  0     6     1     4     2  2     1     5     2     1    -0.24816614    -0.10131340
  0     6     1     4     2  2     1     5     2     2     0.02787364     0.01137936
  0     6     1     4     2  2     1     5     1     5     0.28789968     0.11753455
  0     6     1     4     2  2     1     8     1     5    -0.00001061    -0.00000336
  0     6     1     4     2  2     1     8     1     8     0.05693060     0.01800304
  0     6     1     4     2  2     1     8     1     5    -0.00003843    -0.00001215
  0     6     1     4     2  2     1     8     1     8     0.00001132     0.00000358
  1     6     1     4     2  2     2     1     2     2    -0.21036568    -0.14875100
  1     6     1     4     2  2     2     1     1     5     0.22724806     0.16068865
  1     6     1     4     2  2     2     2     2     1     0.00001298     0.00000649
  1     6     1     4     2  2     2     2     2     1     0.28974449     0.14487225
  1     6     1     4     2  2     2     2     2     2     0.30418668     0.15209334
  1     6     1     4     2  2     2     2     1     5    -0.06341496    -0.03170748
  1     6     1     4     2  2     1     5     2     2    -0.00001365    -0.00000557
  1     6     1     4     2  2     1     5     1     8    -0.00017577    -0.00007176
  1     6     1     4     2  2     1     5     2     1     0.40449008     0.16513238
  1     6     1     4     2  2     1     5     2     2    -0.08498544    -0.03469516
  1     6     1     4     2  2     1     5     1     5    -0.54667210    -0.22317795
  1     6     1     4     2  2     1     8     1     8    -0.00003887    -0.00001229
  1     6     1     4     2  2     1     8     1     8    -0.16362404    -0.05174246
  0     6     1     6     1  0     2     1     2     1     3.69251688     2.61100372
  0     6     1     6     1  0     2     2     2     2     6.76036734     3.38018367
  0     6     1     6     1  0     1     5     1     5     7.24833271     2.95911944
  0     6     1     6     1  0     1     8     1     8     6.70068258     2.11894188
  1     6     1     6     1  0     2     1     2     1     0.97835894     0.69180424
  1     6     1     6     1  0     2     2     2     2     2.46108314     1.23054157
  1     6     1     6     1  0     1     5     1     5     2.96352664     1.20985469
  1     6     1     6     1  0     1     8     1     8     0.27151600     0.08586090
  0     6     1     6     1  2     2     1     2     2     0.04507718     0.03187438
  0     6     1     6     1  2     2     1     1     5    -0.36594142    -0.25875966
  0     6     1     6     1  2     2     1     2     2     0.00001548     0.00001095
  0     6     1     6     1  2     2     1     1     5     0.00003188     0.00002255
  0     6     1     6     1  2     2     2     2     1    -0.04507718    -0.02253859
  0     6     1     6     1  2     2     2     2     2    -0.22772226    -0.11386113
  0     6     1     6     1  2     2     2     1     5    -0.20057004    -0.10028502
  0     6     1     6     1  2     2     2     1     5    -0.00002941    -0.00001471
  0     6     1     6     1  2     1     5     2     1    -0.36594142    -0.14939496
  0     6     1     6     1  2     1     5     2     2     0.20057004     0.08188238
  0     6     1     6     1  2     1     5     1     5     0.07393200     0.03018261
  0     6     1     6     1  2     1     5     2     2    -0.00001082    -0.00000442
  0     6     1     6     1  2     1     5     1     5    -0.00001130    -0.00000461
  0     6     1     6     1  2     1     8     1     8     0.45981430     0.14540605
  0     6     1     6     1  2     1     8     1     5     0.00023400     0.00007400
  0     6     1     6     1  2     1     8     1     8     0.00006485     0.00002051
  1     6     1     6     1  2     2     1     2     2    -0.70392389    -0.49774936
  1     6     1     6     1  2     2     1     1     5     0.57526092     0.40677090
  1     6     1     6     1  2     2     2     2     1    -0.00001548    -0.00000774
  1     6     1     6     1  2     2     2     1     5     0.00001082     0.00000541
  1     6     1     6     1  2     2     2     2     1     0.70392389     0.35196195
  1     6     1     6     1  2     2     2     2     2     0.55740364     0.27870182
  1     6     1     6     1  2     2     2     1     5     0.08163911     0.04081955
  1     6     1     6     1  2     1     5     2     1     0.00003188     0.00001302
  1     6     1     6     1  2     1     5     2     2     0.00002941     0.00001201
  1     6     1     6     1  2     1     5     1     5    -0.00001130    -0.00000461
  1     6     1     6     1  2     1     5     1     8     0.00023400     0.00009553
  1     6     1     6     1  2     1     5     2     1     0.57526092     0.23484929
  1     6     1     6     1  2     1     5     2     2    -0.08163911    -0.03332903
  1     6     1     6     1  2     1     5     1     5    -0.03810371    -0.01555577
  1     6     1     6     1  2     1     8     1     8     0.00006485     0.00002051
  1     6     1     6     1  2     1     8     1     8    -0.11618814    -0.03674191
  0     6     1     6     2  0     2     1     2     1     0.04593010     0.03247748
  0     6     1     6     2  0     2     2     2     2     0.02336495     0.01168248
  0     6     1     6     2  0     1     5     1     5    -0.26788369    -0.10936306
  0     6     1     6     2  0     1     8     1     8     0.17159224     0.05426223
  1     6     1     6     2  0     2     1     2     1     0.20801568     0.14708930
  1     6     1     6     2  0     2     2     2     2     0.15698719     0.07849360
  1     6     1     6     2  0     1     5     1     5    -0.04433547    -0.01809988
  1     6     1     6     2  0     1     8     1     8    -0.15783203    -0.04991087
  0     6     1     6     2  2     2     1     2     2    -0.35709496    -0.25250427
  0     6     1     6     2  2     2     1     1     5     0.39231639     0.27740958
  0     6     1     6     2  2     2     1     2     2    -0.00001466    -0.00001037
  0     6     1     6     2  2     2     1     1     5    -0.00003648    -0.00002580
  0     6     1     6     2  2     2     2     2     1     0.23900153     0.11950076
  0     6     1     6     2  2     2     2     2     2     0.09886716     0.04943358
  0     6     1     6     2  2     2     2     1     5     0.10952641     0.05476320
  0     6     1     6     2  2     2     2     1     5     0.00001879     0.00000939
  0     6     1     6     2  2     1     5     2     1     0.54765379     0.22357872
  0     6     1     6     2  2     1     5     2     2    -0.13813400    -0.05639297
  0     6     1     6     2  2     1     5     1     5     0.81463537     0.33257350
  0     6     1     6     2  2     1     5     1     5     0.00001380     0.00000563
  0     6     1     6     2  2     1     8     1     8     1.96968210     0.62286817
  0     6     1     6     2  2     1     8     1     5    -0.00003144    -0.00000994
  0     6     1     6     2  2     1     8     1     8    -0.00001705    -0.00000539
  1     6     1     6     2  2     2     1     2     2    -0.49343741    -0.34891294
  1     6     1     6     2  2     2     1     1     5     0.68257917     0.48265636
  1     6     1     6     2  2     2     2     2     1     0.00002299     0.00001150
  1     6     1     6     2  2     2     2     2     1     0.41369101     0.20684550
  1     6     1     6     2  2     2     2     2     2     0.60731166     0.30365583
  1     6     1     6     2  2     2     2     1     5     0.13424009     0.06712005
  1     6     1     6     2  2     1     5     2     1    -0.00001305    -0.00000533
  1     6     1     6     2  2     1     5     2     2    -0.00002671    -0.00001090
  1     6     1     6     2  2     1     5     1     8     0.00009211     0.00003760
  1     6     1     6     2  2     1     5     2     1     0.42999619     0.17554521
  1     6     1     6     2  2     1     5     2     2    -0.14857823    -0.06065681
  1     6     1     6     2  2     1     5     1     5     1.15391990     0.47108583
  1     6     1     6     2  2     1     8     1     8    -0.00006366    -0.00002013
  1     6     1     6     2  2     1     8     1     5    -0.00001414    -0.00000447
  1     6     1     6     2  2     1     8     1     8     0.20186962     0.06383678
  0     6     2     4     1  2     2     1     2     2    -0.01512675    -0.01069622
  0     6     2     4     1  2     2     1     1     5     0.25892585     0.18308823
  0     6     2     4     1  2     2     2     2     1     0.14793562     0.07396781
  0     6     2     4     1  2     2     2     2     2     0.09377666     0.04688833
  0     6     2     4     1  2     2     2     1     5     0.10590566     0.05295283
  0     6     2     4     1  2     1     5     2     1     0.46517068     0.18990514
  0     6     2     4     1  2     1     5     2     2    -0.06520766    -0.02662092
  0     6     2     4     1  2     1     5     1     5    -0.22278388    -0.09095114
  0     6     2     4     1  2     1     8     1     8    -0.00008151    -0.00002578
  0     6     2     4     1  2     1     8     1     5     0.00003270     0.00001034
  0     6     2     4     1  2     1     8     1     8     0.00001366     0.00000432
  1     6     2     4     1  2     2     1     2     2    -0.04680988    -0.03309958
  1     6     2     4     1  2     2     1     1     5    -0.07756505    -0.05484677
  1     6     2     4     1  2     2     2     2     1    -0.20608288    -0.10304144
  1     6     2     4     1  2     2     2     2     2    -0.09048564    -0.04524282
  1     6     2     4     1  2     2     2     1     5     0.10582167     0.05291083
  1     6     2     4     1  2     1     5     1     8     0.00023948     0.00009777
  1     6     2     4     1  2     1     5     2     1    -0.40889524    -0.16693078
  1     6     2     4     1  2     1     5     2     2    -0.03587457    -0.01464573
  1     6     2     4     1  2     1     5     1     5     0.24470415     0.09990005
  1     6     2     4     1  2     1     8     1     8     0.19598130     0.06197473
  0     6     2     4     2  2     2     1     2     2    -0.26011559    -0.18392949
  0     6     2     4     2  2     2     1     1     5     0.44106794     0.31188213
  0     6     2     4     2  2     2     1     2     2    -0.00003768    -0.00002664
  0     6     2     4     2  2     2     2     2     1     0.68076746     0.34038373
  0     6     2     4     2  2     2     2     2     2     0.12517411     0.06258705
  0     6     2     4     2  2     2     2     1     5     0.17893857     0.08946929
  0     6     2     4     2  2     2     2     2     2     0.00002092     0.00001046
  0     6     2     4     2  2     1     5     2     1     0.84109305     0.34337480
  0     6     2     4     2  2     1     5     2     2    -0.08804588    -0.03594458
  0     6     2     4     2  2     1     5     1     5     0.90250973     0.36844806
  0     6     2     4     2  2     1     5     2     2     0.00002642     0.00001079
  0     6     2     4     2  2     1     8     1     8     2.09387086     0.66214010
  0     6     2     4     2  2     1     8     1     5    -0.00016528    -0.00005227
  0     6     2     4     2  2     1     8     1     8    -0.00002746    -0.00000868
  1     6     2     4     2  2     2     1     2     2    -0.45202458    -0.31962965
  1     6     2     4     2  2     2     1     1     5     0.54317493     0.38408268
  1     6     2     4     2  2     2     2     2     1     0.58744812     0.29372406
  1     6     2     4     2  2     2     2     2     2     1.09962644     0.54981322
  1     6     2     4     2  2     2     2     1     5     0.35267804     0.17633902
  1     6     2     4     2  2     1     5     2     1     0.00001477     0.00000603
  1     6     2     4     2  2     1     5     1     8     0.00028774     0.00011747
  1     6     2     4     2  2     1     5     2     1     0.50024367     0.20422362
  1     6     2     4     2  2     1     5     2     2    -0.43187600    -0.17631264
  1     6     2     4     2  2     1     5     1     5     1.35492831     0.55314717
  1     6     2     4     2  2     1     8     1     8     0.00001702     0.00000538
  1     6     2     4     2  2     1     8     1     8     0.28893920     0.09137060
  0     6     2     6     1  0     2     1     2     1     0.04593010     0.03247748
  0     6     2     6     1  0     2     2     2     2     0.02336495     0.01168248
  0     6     2     6     1  0     1     5     1     5    -0.26788369    -0.10936306
  0     6     2     6     1  0     1     8     1     8     0.17159224     0.05426223
  1     6     2     6     1  0     2     1     2     1     0.20801568     0.14708930
  1     6     2     6     1  0     2     2     2     2     0.15698719     0.07849360
  1     6     2     6     1  0     1     5     1     5    -0.04433547    -0.01809988
  1     6     2     6     1  0     1     8     1     8    -0.15783203    -0.04991087
  0     6     2     6     1  2     2     1     2     2    -0.23900153    -0.16899960
  0     6     2     6     1  2     2     1     1     5     0.54765379     0.38724971
  0     6     2     6     1  2     2     1     2     2    -0.00002299    -0.00001626
  0     6     2     6     1  2     2     1     1     5    -0.00001305    -0.00000923
  0     6     2     6     1  2     2     2     2     1     0.35709496     0.17854748
  0     6     2     6     1  2     2     2     2     2     0.09886716     0.04943358
  0     6     2     6     1  2     2     2     1     5     0.13813400     0.06906700
  0     6     2     6     1  2     2     2     1     5     0.00002671     0.00001335
  0     6     2     6     1  2     1     5     2     1     0.39231639     0.16016250
  0     6     2     6     1  2     1     5     2     2    -0.10952641    -0.04471397
  0     6     2     6     1  2     1     5     1     5     0.81463537     0.33257350
  0     6     2     6     1  2     1     8     1     8     1.96968210     0.62286817
  0     6     2     6     1  2     1     8     1     5     0.00009211     0.00002913
  0     6     2     6     1  2     1     8     1     8    -0.00006366    -0.00002013
  1     6     2     6     1  2     2     1     2     2    -0.41369101    -0.29252372
  1     6     2     6     1  2     2     1     1     5     0.42999619     0.30405322
  1     6     2     6     1  2     2     2     2     1     0.00001466     0.00000733
  1     6     2     6     1  2     2     2     2     1     0.49343741     0.24671871
  1     6     2     6     1  2     2     2     2     2     0.60731166     0.30365583
  1     6     2     6     1  2     2     2     1     5     0.14857823     0.07428911
  1     6     2     6     1  2     1     5     2     1    -0.00003648    -0.00001489
  1     6     2     6     1  2     1     5     2     2    -0.00001879    -0.00000767
  1     6     2     6     1  2     1     5     1     5     0.00001380     0.00000563
  1     6     2     6     1  2     1     5     1     8    -0.00003144    -0.00001284
  1     6     2     6     1  2     1     5     2     1     0.68257917     0.27866178
  1     6     2     6     1  2     1     5     2     2    -0.13424009    -0.05480329
  1     6     2     6     1  2     1     5     1     5     1.15391990     0.47108583
  1     6     2     6     1  2     1     5     1     8    -0.00001414    -0.00000577
  1     6     2     6     1  2     1     8     1     8    -0.00001705    -0.00000539
  1     6     2     6     1  2     1     8     1     8     0.20186962     0.06383678
  0     6     2     6     2  0     2     1     2     1     3.84542463     2.71912583
  0     6     2     6     2  0     2     2     2     2     6.80580102     3.40290051
  0     6     2     6     2  0     1     5     1     5     7.33603616     2.99492422
  0     6     2     6     2  0     1     8     1     8     6.53507279     2.06657147
  1     6     2     6     2  0     2     1     2     1     1.08344030     0.76610798
  1     6     2     6     2  0     2     2     2     2     2.38091970     1.19045985
  1     6     2     6     2  0     1     5     1     5     2.84912407     1.16315003
  1     6     2     6     2  0     1     8     1     8     0.36361792     0.11498608
  0     6     2     6     2  2     2     1     2     2     0.03639682     0.02573644
  0     6     2     6     2  2     2     1     1     5    -0.16007333    -0.11318894
  0     6     2     6     2  2     2     2     2     1    -0.03639682    -0.01819841
  0     6     2     6     2  2     2     2     2     2    -0.12274953    -0.06137476
  0     6     2     6     2  2     2     2     1     5    -0.12328308    -0.06164154
  0     6     2     6     2  2     1     5     2     1    -0.16007333    -0.06534966
  0     6     2     6     2  2     1     5     2     2     0.12328308     0.05033011
  0     6     2     6     2  2     1     5     1     5     0.01829463     0.00746875
  0     6     2     6     2  2     1     8     1     8    -0.04578310    -0.01447789
  0     6     2     6     2  2     1     8     1     5    -0.00046255    -0.00014627
  1     6     2     6     2  2     2     1     2     2    -0.06688643    -0.04729585
  1     6     2     6     2  2     2     1     1     5     0.11701588     0.08274272
  1     6     2     6     2  2     2     2     2     1     0.06688643     0.03344322
  1     6     2     6     2  2     2     2     2     2     0.06003857     0.03001928
  1     6     2     6     2  2     2     2     1     5     0.02843298     0.01421649
  1     6     2     6     2  2     1     5     1     8    -0.00046255    -0.00018883
  1     6     2     6     2  2     1     5     2     1     0.11701588     0.04777153
  1     6     2     6     2  2     1     5     2     2    -0.02843298    -0.01160772
  1     6     2     6     2  2     1     5     1     5    -0.01720448    -0.00702370
  1     6     2     6     2  2     1     5     1     8     0.00001508     0.00000615
  1     6     2     6     2  2     1     8     1     5     0.00001508     0.00000477
  1     6     2     6     2  2     1     8     1     8    -0.19139311    -0.06052382
