  Checking the relation: U^+U + V^+V = I
    1    1  1.00000000
    2    2  1.00000000
    3    3  1.00000000
    4    4  1.00000000
    5    5  1.00000000
    6    6  1.00000000
    7    7  1.00000000
    8    8  1.00000000
    9    9  1.00000000
   10   10  1.00000000
   11   11  1.00000000
   12   12  1.00000000
   13   13  1.00000000
   14   14  1.00000000
   15   15  1.00000000
   16   16  1.00000000
   17   17  1.00000000
   18   18  1.00000000
   19   19  1.00000000
   20   20  1.00000000
   21   21  1.00000000
   22   22  1.00000000
   23   23  1.00000000
   24   24  1.00000000
   25   25  1.00000000
   26   26  1.00000000
   27   27  1.00000000
   28   28  1.00000000
   29   29  1.00000000
   30   30  1.00000000
   31   31  1.00000000
   32   32  1.00000000
   33   33  1.00000000
   34   34  1.00000000
   35   35  1.00000000
   36   36  1.00000000
   37   37  1.00000000
   38   38  1.00000000
   39   39  1.00000000
   40   40  1.00000000
 ***********************
  
